,iteration,init_slope,init_intercept,est_intercept,est_slope,ss_res,nrmse,r_squared,aic
0,1.0,0.1092533399581973,7.522546267122746,0.19139307836036434,0.4000708661456028,0.013380821428842643,0.1211114393564105,0.9029458971599251,-39.818900880521305
1,2.0,0.5906876976426032,8.815065292693424,0.191392958223387,0.4000711710237729,0.013380821428628367,0.12111143935544079,0.9029458971613356,-39.8189008806334
2,3.0,0.8646467828230041,6.855594915260915,0.19139288993388928,0.40007133859653204,0.013380821428578743,0.1211114393552162,0.9029458971616641,-39.818900880659356
3,4.0,0.47583615079452124,3.3099984548669954,0.19139287851284995,0.4000713658584441,0.013380821428575164,0.12111143935520002,0.9029458971616876,-39.81890088066123
4,5.0,0.5485532987302948,2.9084215214157743,0.191392860165473,0.4000714088824358,0.013380821428572033,0.12111143935518584,0.9029458971617076,-39.81890088066287
5,6.0,0.1669783199597371,5.241907807281069,0.1913930303220964,0.40007098897078713,0.013380821428736946,0.12111143935593216,0.9029458971606195,-39.81890088057659
6,7.0,0.6261541247854862,3.829580041778662,0.19139286870730368,0.4000713889332703,0.013380821428573112,0.12111143935519073,0.9029458971617008,-39.818900880662305
7,8.0,0.6035779612065661,7.069345422243076,0.19139293044686778,0.40007123970714664,0.013380821428602288,0.12111143935532277,0.9029458971615084,-39.81890088064704
8,9.0,0.6948382953360859,1.8388746294770013,0.19139330243793817,0.40007186765387126,0.013380821431815425,0.121111439369864,0.902945897160622,-39.81890087896613
9,10.0,0.8425244343888104,6.803345172419862,0.1913928915894715,0.40007133457217686,0.01338082142857939,0.12111143935521915,0.9029458971616598,-39.81890088065902
10,11.0,0.3765092318938126,6.143301486971014,0.19139296718990376,0.400071148210254,0.01338082142863892,0.12111143935548856,0.9029458971612662,-39.81890088062788
11,12.0,0.33315760564329655,1.5212883659588532,0.1913928543668291,0.4000714228182735,0.013380821428571669,0.1211114393551842,0.9029458971617095,-39.81890088066306
12,13.0,0.7239523331174785,5.557846385378612,0.19139288695377896,0.4000713457558484,0.013380821428577695,0.12111143935521146,0.902945897161671,-39.81890088065991
13,14.0,0.6696796237254877,6.481536473681338,0.19139291003142253,0.400071289771761,0.013380821428588308,0.12111143935525949,0.902945897161601,-39.818900880654354
14,15.0,0.983037275259314,1.0285179044310615,0.19139284629149939,0.4000714300472176,0.013380821428572135,0.12111143935518631,0.9029458971617097,-39.81890088066282
15,16.0,0.936103004635466,3.756722335447834,0.19139243407569537,0.40007106930549924,0.01338082143121455,0.1211114393671447,0.9029458971609815,-39.81890087928048
16,17.0,0.25429646821404583,0.8994142809872708,0.19139288997069367,0.4000714715537201,0.013380821428593516,0.12111143935528305,0.9029458971616992,-39.81890088065163
17,18.0,0.02408767075221785,1.088107592741696,0.19139305611302404,0.40007092313028336,0.01338082142879034,0.12111143935617379,0.9029458971602685,-39.81890088054867
18,19.0,0.16943171314164462,1.2417584966246833,0.19139288297442963,0.40007135535219884,0.013380821428576413,0.12111143935520567,0.9029458971616793,-39.81890088066058
19,20.0,0.9157191868607772,6.90250127406525,0.19139288538558524,0.4000713495075678,0.013380821428577175,0.12111143935520911,0.9029458971616744,-39.81890088066018
20,21.0,0.41434115375224767,4.515883806275432,0.19139292217111925,0.40007125965128143,0.013380821428596245,0.12111143935529542,0.9029458971615487,-39.818900880650204
21,22.0,0.44807452070548803,6.8931332482848084,0.19139296074105933,0.4000711641200791,0.013380821428631536,0.12111143935545512,0.9029458971613152,-39.818900880631745
22,23.0,0.5803174933677621,1.1571851965072641,0.19139315299492732,0.4000717540946773,0.013380821430126118,0.12111143936221895,0.9029458971611118,-39.81890087984988
23,24.0,0.1840560237554817,9.59113790864361,0.1913930640850249,0.4000709021400231,0.013380821428809118,0.12111143935625879,0.9029458971601464,-39.81890088053885
24,25.0,0.6140788574242082,0.30545293778971494,0.1913928499497657,0.4000714316643495,0.01338082142857164,0.12111143935518406,0.9029458971617097,-39.81890088066308
25,26.0,0.5841294908459373,2.093268508048608,0.19139285063238654,0.4000714367337836,0.013380821428571525,0.12111143935518355,0.9029458971617093,-39.818900880663136
26,27.0,0.0697391463768009,0.9895463377346451,0.19139295188287184,0.40007118643558387,0.013380821428621872,0.12111143935541138,0.902945897161379,-39.8189008806368
27,28.0,0.6831158469474204,9.29068933712307,0.19139294716587332,0.4000711980856153,0.013380821428617181,0.12111143935539016,0.90294589716141,-39.818900880639255
28,29.0,0.6580736246144877,9.564428129954424,0.19139295452614669,0.4000711798893808,0.013380821428624599,0.12111143935542373,0.9029458971613609,-39.818900880635375
29,30.0,0.7686899768743812,4.630628816594071,0.19139286779161624,0.4000713910901775,0.01338082142857297,0.12111143935519009,0.9029458971617017,-39.81890088066238
30,31.0,0.3571364909766028,6.726310747132404,0.1913929824937056,0.4000711096459946,0.013380821428658674,0.12111143935557793,0.9029458971611358,-39.81890088061754
31,32.0,0.5857863587578626,0.09772999932031232,0.19139285060032568,0.4000714323221795,0.013380821428571592,0.12111143935518386,0.9029458971617095,-39.8189008806631
32,33.0,0.13128964976156365,6.1903635925829965,0.19139305837413914,0.40007091678253637,0.013380821428796064,0.12111143935619971,0.902945897160232,-39.81890088054567
33,34.0,0.8139407307247194,3.513371077648345,0.19139285223929023,0.40007142717999034,0.013380821428571641,0.12111143935518406,0.9029458971617097,-39.81890088066308
34,35.0,0.38952719788571155,1.7080856423022215,0.1913928529646094,0.4000714258591077,0.013380821428571643,0.12111143935518406,0.9029458971617096,-39.81890088066307
35,36.0,0.1259755624800164,4.419181928393572,0.19139303900799123,0.40007096690676736,0.013380821428753973,0.12111143935600922,0.9029458971605073,-39.818900880567696
36,37.0,0.32271727559731433,7.492479452218155,0.19139300393527506,0.40007105604157417,0.013380821428690272,0.12111143935572094,0.9029458971609267,-39.81890088060102
37,38.0,0.8117194343713414,8.381149526220065,0.19139291661104552,0.4000712734369791,0.013380821428592421,0.12111143935527811,0.9029458971615739,-39.8189008806522
38,39.0,0.6013783889520032,2.5797918018338457,0.19139285282265345,0.400071426307839,0.01338082142857162,0.12111143935518397,0.9029458971617097,-39.81890088066309
39,40.0,0.13208071374956865,4.334304579947352,0.19139303447956493,0.40007097865970137,0.013380821428744728,0.1211114393559674,0.9029458971605677,-39.81890088057253
40,41.0,0.9123249950929955,7.403988282459713,0.19139289205805138,0.4000713333463838,0.013380821428579593,0.12111143935522005,0.9029458971616585,-39.818900880658916
41,42.0,0.4930673964783375,1.9288068631783002,0.1913925408365477,0.4000711626859856,0.013380821430039172,0.12111143936182547,0.9029458971613109,-39.81890087989535
42,43.0,0.059498499595499355,8.007442127750227,0.1913931009926075,0.40007080778597814,0.01338082142890216,0.12111143935667985,0.9029458971595355,-39.81890088049017
43,44.0,0.20811998540791188,8.846411225696238,0.19139305210552862,0.4000709331696901,0.013380821428781766,0.121111439356135,0.9029458971603253,-39.81890088055315
44,45.0,0.7701255295146711,0.08803286128893403,0.19139285110586562,0.40007143197486195,0.013380821428571561,0.1211114393551837,0.9029458971617096,-39.818900880663115
45,46.0,0.49160653774158225,0.023118006582189408,0.19139284823718464,0.4000714359301816,0.01338082142857165,0.1211114393551841,0.9029458971617094,-39.81890088066307
46,47.0,0.010475187765816574,9.71695484662739,0.19139312199793085,0.4000707532705558,0.013380821428963203,0.1211114393569561,0.902945897159137,-39.81890088045823
47,48.0,0.22593180706627913,5.930358310018528,0.19139301560613498,0.4000710266074058,0.01338082142870974,0.12111143935580905,0.9029458971607982,-39.818900880590824
48,49.0,0.9845865971481444,8.598304148143017,0.19139289902024595,0.4000713163942878,0.01338082142858262,0.12111143935523376,0.9029458971616386,-39.81890088065733
49,50.0,0.8111934316999115,7.524690742457512,0.19139290550711313,0.40007130108116556,0.013380821428585718,0.12111143935524776,0.902945897161618,-39.81890088065571
50,51.0,0.7641078523284879,8.987408184145458,0.19139293118632825,0.4000712377554811,0.013380821428602935,0.12111143935532569,0.9029458971615042,-39.8189008806467
51,52.0,0.3286278160927344,8.491361160213527,0.19139301374494372,0.4000710311097885,0.013380821428706705,0.12111143935579531,0.9029458971608185,-39.818900880592416
52,53.0,0.35881388774355083,5.061253705158271,0.1913929514672311,0.4000711876396969,0.013380821428621353,0.12111143935540905,0.9029458971613822,-39.818900880637074
53,54.0,0.17796380746741292,7.105158876500987,0.1913930478500007,0.4000709438184793,0.013380821428772866,0.12111143935609471,0.9029458971603841,-39.818900880557806
54,55.0,0.7051987839649588,4.127056885482746,0.1913928665052371,0.40007139461206187,0.01338082142857273,0.121111439355189,0.902945897161703,-39.818900880662504
55,56.0,0.17828838820222592,2.239148470208354,0.19139293871151103,0.4000712193274733,0.013380821428609193,0.121111439355354,0.9029458971614627,-39.81890088064343
56,57.0,0.060730868332570465,5.200837605113213,0.19139308763953966,0.4000708423491539,0.013380821428866157,0.12111143935651693,0.9029458971597709,-39.818900880509005
57,58.0,0.4847923592038518,4.983415333762611,0.1913929163316102,0.4000712744182263,0.013380821428592144,0.12111143935527685,0.9029458971615756,-39.81890088065235
58,59.0,0.36956477836883017,9.289057700543712,0.19139301120268412,0.40007103762768736,0.013380821428702292,0.12111143935577534,0.9029458971608475,-39.818900880594725
59,60.0,0.8143492602701927,1.647838066355099,0.19139316565445502,0.40007176680753015,0.013380821430257308,0.12111143936281266,0.9029458971610642,-39.81890087978124
60,61.0,0.8772056630980032,4.127295888681991,0.19139285532299324,0.40007142043266486,0.013380821428571712,0.1211114393551844,0.9029458971617093,-39.81890088066304
61,62.0,0.6624321255436454,7.971226624275089,0.1913929333535171,0.400071232251606,0.013380821428604767,0.121111439355334,0.9029458971614922,-39.81890088064574
62,63.0,0.9621014409513241,1.3663268921474843,0.19139289917468932,0.40007149649342694,0.013380821428615429,0.12111143935538224,0.9029458971616836,-39.818900880640165
63,64.0,0.8677677014681128,2.1158999804964895,0.19139329373507055,0.4000718699115869,0.013380821431746879,0.1211114393695538,0.9029458971606108,-39.81890087900199
64,65.0,0.5256044384425986,8.779409116017112,0.19139296967510597,0.40007114180615744,0.013380821428642031,0.12111143935550263,0.9029458971612458,-39.81890088062625
65,66.0,0.5058754392327837,3.0973448240998662,0.19139286922804966,0.40007138812722726,0.013380821428573154,0.1211114393551909,0.9029458971617005,-39.818900880662284
66,67.0,0.4047620048772298,2.1608527586051225,0.19139286087382518,0.40007140741938096,0.013380821428572082,0.12111143935518606,0.9029458971617073,-39.818900880662845
67,68.0,0.3387529714408989,2.746625088063104,0.191392892226127,0.40007133303045983,0.013380821428579643,0.12111143935522029,0.9029458971616582,-39.81890088065889
68,69.0,0.8614452217749329,1.081373855154902,0.19139286133443276,0.4000714516181222,0.01338082142857355,0.1211114393551927,0.9029458971617068,-39.81890088066208
69,70.0,0.23882960426006705,0.793645502541223,0.1913930488784894,0.40007161663730006,0.01338082142917057,0.12111143935789456,0.9029458971615102,-39.81890088034975
70,71.0,0.9261440631494473,2.9730618499938317,0.19139311865188063,0.4000716822286817,0.013380821429677111,0.12111143936018694,0.9029458971613467,-39.81890088008476
71,72.0,0.35615678964444475,3.7202314037339597,0.19139291807731054,0.400071270004338,0.013380821428593332,0.12111143935528224,0.9029458971615678,-39.818900880651725
72,73.0,0.513400376666635,9.528507627757197,0.19139298173533523,0.40007111208747537,0.013380821428657243,0.12111143935557145,0.9029458971611447,-39.818900880618294
73,74.0,0.8423814870602111,2.722564691952425,0.1913931064043566,0.40007166928833027,0.01338082142957282,0.12111143935971495,0.9029458971613827,-39.818900880139324
74,75.0,0.43090088164289564,5.108494615200614,0.19139293145003786,0.400071236708185,0.013380821428603314,0.12111143935532741,0.9029458971615021,-39.81890088064651
75,76.0,0.6356645710444623,8.915398075680361,0.1913929505338192,0.40007118968182537,0.01338082142862056,0.12111143935540546,0.9029458971613877,-39.81890088063748
76,77.0,0.7382209044338289,2.9574132522268863,0.19139244170569203,0.40007107574093353,0.013380821431120276,0.12111143936671806,0.9029458971610073,-39.81890087932979
77,78.0,0.27562827408653867,8.945957478926639,0.19139303318652628,0.4000709818262403,0.013380821428742341,0.12111143935595657,0.9029458971605837,-39.81890088057377
78,79.0,0.02893265443110493,5.620719064712976,0.1913931077630823,0.4000707896174759,0.013380821428922154,0.12111143935677035,0.9029458971594064,-39.8189008804797
79,80.0,0.8781032526571311,3.708744479002167,0.19139285167972558,0.40007142858407696,0.013380821428571613,0.12111143935518395,0.9029458971617097,-39.818900880663094
80,81.0,0.7501457506678496,2.756349043568143,0.19139277148800085,0.4000713646413124,0.013380821428671426,0.12111143935563565,0.9029458971616867,-39.81890088061087
81,82.0,0.27311659543722133,8.318455661487276,0.19139302792520838,0.40007099510995325,0.013380821428732334,0.12111143935591129,0.9029458971606497,-39.818900880579015
82,83.0,0.30134249098169275,9.15538383666055,0.19139302776424919,0.40007099553084136,0.01338082142873201,0.12111143935590983,0.9029458971606519,-39.81890088057918
83,84.0,0.10063390757496149,2.2494378633841143,0.19139300018330785,0.4000710656283339,0.013380821428684226,0.12111143935569359,0.9029458971609664,-39.818900880604176
84,85.0,0.7151793215514128,6.976457971918659,0.1913929107423761,0.4000712878968575,0.013380821428588771,0.12111143935526159,0.902945897161598,-39.81890088065411
85,86.0,0.5900549389291493,0.47870567438264167,0.19139284947105573,0.4000714338106621,0.013380821428571613,0.12111143935518395,0.9029458971617096,-39.818900880663094
86,87.0,0.37519471895493495,2.2151531325637124,0.19139286680568007,0.4000713938263125,0.01338082142857277,0.12111143935518918,0.9029458971617028,-39.81890088066249
87,88.0,0.010920637118034704,1.764418139129395,0.19139310440354534,0.4000707984879563,0.01338082142891236,0.12111143935672603,0.90294589715947,-39.81890088048483
88,89.0,0.3928185784097815,7.179323499134766,0.19139297968751334,0.4000711170488187,0.013380821428654615,0.12111143935555957,0.9029458971611622,-39.818900880619665
89,90.0,0.34548383511379943,2.32120173788225,0.19139287560726165,0.4000713727170339,0.013380821428574472,0.12111143935519689,0.902945897161692,-39.818900880661594
90,91.0,0.4409760902893304,0.5292855834639388,0.1913928501376463,0.4000714328313302,0.013380821428571594,0.12111143935518386,0.9029458971617096,-39.8189008806631
91,92.0,0.9928787221330732,3.838464044136111,0.19139258747324742,0.400071203527737,0.013380821429633302,0.12111143935998868,0.9029458971614239,-39.818900880107684
92,93.0,0.6718773400822381,8.881753784465136,0.19139294413575522,0.40007120560312687,0.013380821428614286,0.12111143935537706,0.9029458971614291,-39.81890088064076
93,94.0,0.281790305307573,5.485990892072023,0.19139298592152668,0.40007110103183074,0.013380821428663432,0.12111143935559948,0.9029458971611044,-39.818900880615054
94,95.0,0.5381816377022968,0.6363470310468465,0.1913928523863321,0.40007144008347717,0.013380821428571528,0.12111143935518356,0.9029458971617089,-39.818900880663136
95,96.0,0.6961162450384787,0.6768150729016813,0.19139284575958931,0.4000714308757662,0.013380821428572158,0.12111143935518641,0.9029458971617096,-39.8189008806628
96,97.0,0.9826444614228697,9.534942238851444,0.1913929098966231,0.40007128965582844,0.013380821428588383,0.12111143935525984,0.9029458971616008,-39.81890088065432
97,98.0,0.26748218407279534,5.162338957128394,0.19139298497136933,0.40007110317288713,0.013380821428662282,0.12111143935559426,0.9029458971611124,-39.81890088061566
98,99.0,0.08458302747394175,6.768458149252778,0.1913930845146669,0.4000708500658095,0.01338082142885852,0.12111143935648236,0.9029458971598217,-39.818900880513
99,100.0,0.6666018415805487,9.545240410968418,0.19139295275177623,0.4000711840508532,0.013380821428622885,0.12111143935541598,0.9029458971613724,-39.81890088063627
100,101.0,0.5779330853056268,5.321974348731457,0.19139290485828106,0.4000713026034083,0.013380821428585382,0.12111143935524625,0.9029458971616202,-39.81890088065588
101,102.0,0.7024426289371244,9.05904827359419,0.191392941218137,0.4000712129925511,0.013380821428611514,0.12111143935536452,0.9029458971614474,-39.81890088064222
102,103.0,0.8359179064273754,7.422130855321289,0.19139290110660895,0.40007131167838816,0.013380821428583503,0.12111143935523776,0.9029458971616326,-39.81890088065687
103,104.0,0.24189097794515868,3.931182541975447,0.19139296699717948,0.4000711488289049,0.013380821428638594,0.12111143935548707,0.9029458971612682,-39.81890088062805
104,105.0,0.9871504780882642,8.67523691545567,0.1913928998730303,0.4000713146798932,0.013380821428582918,0.1211114393552351,0.9029458971616365,-39.818900880657175
105,106.0,0.9741454454162508,2.7481342955827204,0.19139327716781188,0.4000718377114255,0.013380821431432457,0.12111143936813085,0.9029458971607652,-39.81890087916648
106,107.0,0.8349925392618653,8.149506536519803,0.1913929106246372,0.40007128833719696,0.013380821428588657,0.12111143935526107,0.9029458971615987,-39.818900880654176
107,108.0,0.21952903891001085,0.8354457435776623,0.19139264801262343,0.40007125624658824,0.0133808214292049,0.12111143935804992,0.9029458971615422,-39.81890088033179
108,109.0,0.018884160655423643,3.0993911360234447,0.19139310457410616,0.4000707978907071,0.013380821428913066,0.12111143935672922,0.9029458971594657,-39.81890088048446
109,110.0,0.4359608843616194,9.315278273967678,0.19139299528292755,0.40007107730547364,0.013380821428677225,0.12111143935566189,0.9029458971610136,-39.818900880607835
110,111.0,0.9550854976433019,3.928643122040674,0.19139285093367964,0.40007143021028024,0.01338082142857162,0.12111143935518397,0.9029458971617097,-39.81890088066309
111,112.0,0.9253389461568026,5.55272771488793,0.19139286784629814,0.40007139124906255,0.013380821428572939,0.12111143935518995,0.9029458971617018,-39.8189008806624
112,113.0,0.11889535492775083,1.1132301068668344,0.1913929058976811,0.40007129940411296,0.013380821428586154,0.12111143935524975,0.9029458971616156,-39.81890088065548
113,114.0,0.20708713572735704,5.986967787668564,0.19139302319922225,0.40007100667445794,0.013380821428723957,0.12111143935587339,0.9029458971607056,-39.81890088058339
114,115.0,0.9506521137042122,2.948660962557321,0.1913931770536915,0.4000717355310188,0.01338082143021339,0.1211114393626139,0.9029458971611781,-39.81890087980422
115,116.0,0.7989460413589827,5.650330642290815,0.1913928799306497,0.40007136265095095,0.013380821428575523,0.12111143935520163,0.9029458971616852,-39.81890088066105
116,117.0,0.6231581994675539,0.9979010513919041,0.19139296621888433,0.40007157157401785,0.013380821428815578,0.12111143935628803,0.9029458971615943,-39.818900880535466
117,118.0,0.0289259623983934,1.5995631227260534,0.19139306796471195,0.40007089288343567,0.01338082142881738,0.12111143935629617,0.9029458971600908,-39.818900880534514
118,119.0,0.25866551159811135,2.7025023270043698,0.1913929178504755,0.4000712703609819,0.013380821428593257,0.1211114393552819,0.9029458971615685,-39.81890088065177
119,120.0,0.6274714387389533,1.5761867383140937,0.19139330165866575,0.4000718733766009,0.013380821431838769,0.12111143936996965,0.9029458971605935,-39.81890087895392
120,121.0,0.0376379679654415,1.5200144483726281,0.1913930490767455,0.40007094119886705,0.013380821428774914,0.121111439356104,0.9029458971603697,-39.81890088055674
121,122.0,0.5484096876882306,2.3069743153211544,0.19139285202248518,0.40007142797468176,0.013380821428571612,0.12111143935518394,0.9029458971617097,-39.818900880663094
122,123.0,0.7953108202336495,0.2948321458185886,0.1913928533928445,0.40007142598347883,0.0133808214285716,0.12111143935518387,0.9029458971617096,-39.818900880663094
123,124.0,0.6627696469440617,4.7639359410316695,0.1913928815600698,0.4000713586764785,0.013380821428575985,0.12111143935520373,0.9029458971616822,-39.818900880660806
124,125.0,0.6833819946889617,9.937198874078774,0.1913929548180449,0.400071179267083,0.013380821428624866,0.12111143935542495,0.902945897161359,-39.81890088063523
125,126.0,0.3694690761078142,2.3665760401014118,0.19139287245700698,0.40007138025689676,0.013380821428573783,0.12111143935519375,0.9029458971616965,-39.81890088066195
126,127.0,0.8773672229638054,7.521709525032322,0.19139289752475014,0.40007132001274076,0.013380821428581938,0.12111143935523068,0.9029458971616432,-39.81890088065769
127,128.0,0.8983498818753579,2.883364989904792,0.1913931194505769,0.40007168178095265,0.013380821429680046,0.12111143936020023,0.902945897161348,-39.81890088008323
128,129.0,0.2832239803946117,9.744146894728685,0.19139303750258987,0.4000709704237638,0.013380821428751294,0.12111143935599711,0.9029458971605254,-39.81890088056909
129,130.0,0.2898025760092412,2.583983361629075,0.1913929009457081,0.40007131150133335,0.013380821428583588,0.12111143935523813,0.9029458971616324,-39.81890088065683
130,131.0,0.06855067637948709,8.041395552574874,0.19139309656579867,0.40007081828527474,0.013380821428891335,0.12111143935663085,0.9029458971596085,-39.81890088049583
131,132.0,0.680974406038576,3.65414755394473,0.19139286116754378,0.40007140688801474,0.013380821428572122,0.12111143935518624,0.9029458971617069,-39.818900880662824
132,133.0,0.14170420929548744,0.6996789299140806,0.19139284866964118,0.4000714359870529,0.013380821428571622,0.12111143935518397,0.9029458971617094,-39.81890088066309
133,134.0,0.26601742077728174,9.189813835915286,0.191393037610527,0.40007097020135685,0.013380821428751438,0.12111143935599775,0.9029458971605244,-39.81890088056902
134,135.0,0.3780709648761502,9.585029242306552,0.1913930121830331,0.4000710349669063,0.013380821428704122,0.12111143935578363,0.9029458971608357,-39.818900880593766
135,136.0,0.14903513386626455,6.921610739472188,0.19139305734123052,0.40007091931049327,0.01338082142879388,0.12111143935618983,0.9029458971602465,-39.81890088054681
136,137.0,0.6022765796494595,9.7628601301261,0.19139296686894094,0.400071149391614,0.01338082142863828,0.12111143935548566,0.90294589716127,-39.81890088062821
137,138.0,0.5820396317474849,8.504859910270637,0.19139295481913624,0.40007117882646803,0.013380821428625098,0.12111143935542598,0.9029458971613579,-39.81890088063511
138,139.0,0.08128294717914009,2.0555421605590443,0.191393011596845,0.4000710362514664,0.013380821428703293,0.12111143935577987,0.9029458971608415,-39.8189008805942
139,140.0,0.5838033299576351,8.363782210169997,0.19139295273602502,0.4000711840627002,0.013380821428622893,0.12111143935541602,0.9029458971613724,-39.818900880636264
140,141.0,0.5549697759400014,5.073396809626712,0.19139290392231015,0.400071304715817,0.013380821428584946,0.1211114393552443,0.9029458971616232,-39.818900880656116
141,142.0,0.4570762509408368,3.6109919103882837,0.19139288983647404,0.40007133905432213,0.01338082142857868,0.12111143935521594,0.9029458971616644,-39.81890088065939
142,143.0,0.13193329341264437,0.42073843048369,0.1913928490215482,0.4000714357099345,0.013380821428571603,0.1211114393551839,0.9029458971617094,-39.818900880663094
143,144.0,0.7230787194094624,3.9645973159304053,0.19139286230384714,0.4000714041274223,0.013380821428572243,0.1211114393551868,0.9029458971617063,-39.81890088066276
144,145.0,0.578941585687409,2.5187139965954706,0.19139285311855597,0.4000714255378159,0.013380821428571627,0.12111143935518401,0.9029458971617097,-39.81890088066309
145,146.0,0.07919402543635035,7.592610872167146,0.19139309150623665,0.400070832302547,0.013380821428876411,0.12111143935656334,0.902945897159704,-39.818900880503634
146,147.0,0.6292289441487318,6.714659619215321,0.19139292051380144,0.40007126433046003,0.013380821428594862,0.12111143935528915,0.9029458971615575,-39.81890088065093
147,148.0,0.8370545027584406,7.174829407521716,0.19139289691260844,0.4000713212429863,0.013380821428581722,0.12111143935522968,0.9029458971616448,-39.8189008806578
148,149.0,0.43852268869764355,8.007856370421322,0.19139297943090072,0.4000711174982546,0.01338082142865442,0.1211114393555587,0.9029458971611637,-39.818900880619765
149,150.0,0.2407941255667163,0.8341322655762549,0.19139294770944018,0.40007152386977085,0.013380821428712218,0.12111143935582025,0.9029458971616584,-39.81890088058953
150,151.0,0.02068728501713979,9.91277580622134,0.19139311801127837,0.4000707630364296,0.013380821428952113,0.12111143935690591,0.9029458971592108,-39.81890088046404
151,152.0,0.14910519662898336,0.09782932099078485,0.19139284881942442,0.4000714345235093,0.013380821428571648,0.1211114393551841,0.9029458971617095,-39.81890088066307
152,153.0,0.25572178215647556,6.152761127059238,0.1913930072602529,0.4000710475765966,0.013380821428695741,0.1211114393557457,0.9029458971608907,-39.81890088059815
153,154.0,0.4715549852876487,1.1923480791780183,0.1913933022561389,0.4000718741283785,0.013380821431848388,0.1211114393700132,0.9029458971605897,-39.81890087894889
154,155.0,0.7921926992298708,4.880972364783535,0.19139286923266607,0.40007138770920647,0.01338082142857319,0.12111143935519109,0.9029458971617004,-39.81890088066226
155,156.0,0.23491634234069603,2.279161276297232,0.1913929104076395,0.40007128898346095,0.013380821428588496,0.12111143935526034,0.9029458971615997,-39.818900880654255
156,157.0,0.022650057275601432,4.94308096304289,0.19139310943378748,0.40007078518765343,0.013380821428927096,0.1211114393567927,0.9029458971593743,-39.81890088047712
157,158.0,0.3946890468802563,6.514579903036843,0.19139296867222716,0.4000711446972441,0.013380821428640567,0.121111439355496,0.9029458971612551,-39.81890088062702
158,159.0,0.16743945793238413,0.6059840652019178,0.19139284727329747,0.4000714379150015,0.013380821428571674,0.12111143935518422,0.9029458971617093,-39.81890088066306
159,160.0,0.44246073324851576,0.8418890992703514,0.1913931098572241,0.4000717142084473,0.01338082142973,0.12111143936042627,0.9029458971612494,-39.81890088005709
160,161.0,0.9144707015754824,0.8575800253761048,0.19139284716236252,0.4000714296115374,0.013380821428572035,0.12111143935518585,0.9029458971617097,-39.81890088066287
161,162.0,0.8784308851461358,6.910948397999144,0.19139288903749307,0.4000713402947606,0.01338082142857853,0.12111143935521525,0.9029458971616657,-39.81890088065947
162,163.0,0.5995772249741114,6.082581731928485,0.19139291491055585,0.4000712780822265,0.01338082142859118,0.12111143935527248,0.9029458971615818,-39.818900880652855
163,164.0,0.4556607501384953,6.210390922043431,0.19139294704109291,0.4000711981066102,0.01338082142861721,0.12111143935539029,0.9029458971614102,-39.818900880639234
164,165.0,0.9539142320388228,8.711795641101773,0.19139290368697737,0.40007130480361164,0.013380821428584978,0.12111143935524442,0.9029458971616232,-39.818900880656095
165,166.0,0.9873462476485367,7.096805772863796,0.19139288172512278,0.40007135845832686,0.013380821428576018,0.12111143935520387,0.9029458971616818,-39.818900880660784
166,167.0,0.9622338623995548,1.098098027831988,0.1913931618168934,0.40007152059171663,0.013380821429438859,0.12111143935910872,0.902945897161662,-39.8189008802094
167,168.0,0.7142885829754698,6.236065206311337,0.1913928991345775,0.4000713162186276,0.013380821428582644,0.12111143935523387,0.9029458971616384,-39.818900880657324
168,169.0,0.5638806563816139,3.2824732089135162,0.19139286572598854,0.4000713961951378,0.013380821428572642,0.1211114393551886,0.9029458971617037,-39.81890088066255
169,170.0,0.48657407352548165,3.7595747737615275,0.1913928876325733,0.40007134391040633,0.013380821428577985,0.12111143935521279,0.9029458971616692,-39.818900880659754
170,171.0,0.509859211457748,8.903076375293198,0.1913929751718192,0.4000711284286862,0.013380821428648677,0.1211114393555327,0.9029458971612014,-39.81890088062278
171,172.0,0.9083868927068118,4.900220260714353,0.19139286142178286,0.4000714062452397,0.013380821428572125,0.12111143935518626,0.9029458971617069,-39.818900880662824
172,173.0,0.620039336846273,3.275528808202465,0.19139286041212228,0.40007140866224367,0.01338082142857204,0.12111143935518587,0.9029458971617075,-39.818900880662866
173,174.0,0.7059852107277673,0.08348343374567306,0.19139284863332226,0.4000714342133451,0.013380821428571677,0.12111143935518424,0.9029458971617095,-39.81890088066306
174,175.0,0.20315224612243699,0.664445174280092,0.19139284858761385,0.40007143667848716,0.013380821428571627,0.12111143935518401,0.9029458971617091,-39.81890088066309
175,176.0,0.6881695750781822,8.525101536920937,0.19139293649078226,0.4000712244321836,0.013380821428607447,0.12111143935534613,0.9029458971614746,-39.81890088064434
176,177.0,0.6091276991619287,7.676028195319278,0.1913929385442975,0.400071219564611,0.013380821428609137,0.12111143935535375,0.9029458971614632,-39.81890088064346
177,178.0,0.006929244015314362,3.4603098308374425,0.19139311786081983,0.40007076303358097,0.013380821428952278,0.12111143935690666,0.9029458971592108,-39.81890088046395
178,179.0,0.9620068030138063,6.790715678156699,0.19139288023077233,0.40007136191880116,0.013380821428575598,0.12111143935520198,0.9029458971616847,-39.818900880661005
179,180.0,0.4824051450128716,0.10642176630907435,0.19139284889566974,0.40007143465730555,0.013380821428571629,0.12111143935518401,0.9029458971617095,-39.81890088066309
180,181.0,0.5880398185023229,4.677617925109894,0.19139289045210717,0.40007133749527035,0.013380821428578913,0.12111143935521697,0.9029458971616628,-39.81890088065927
181,182.0,0.7485573493639345,2.9270595002530526,0.1913925428124634,0.40007116359195066,0.013380821430023575,0.12111143936175489,0.9029458971613136,-39.81890087990352
182,183.0,0.5022094925953526,5.291887483873385,0.19139291838083988,0.4000712688344119,0.013380821428593691,0.12111143935528386,0.9029458971615657,-39.81890088065154
183,184.0,0.6453479031817996,8.405395075862657,0.1913929420551065,0.40007121051276523,0.013380821428612466,0.12111143935536882,0.9029458971614415,-39.81890088064171
184,185.0,0.34963992868631644,3.9998129275366643,0.19139292805707653,0.40007124534612454,0.013380821428600538,0.12111143935531485,0.9029458971615202,-39.81890088064796
185,186.0,0.386494683706075,5.579331358249459,0.19139295424328687,0.40007118067953173,0.013380821428624247,0.12111143935542214,0.9029458971613631,-39.81890088063555
186,187.0,0.36655586342618807,4.462372968558261,0.19139293475949465,0.40007122858180993,0.01338082142860603,0.1211114393553397,0.902945897161484,-39.81890088064509
187,188.0,0.041356727998246856,5.738428057769024,0.19139310148266722,0.40007080646667953,0.013380821428903579,0.12111143935668627,0.9029458971595263,-39.81890088048943
188,189.0,0.31658795855157384,4.394878463102103,0.19139294925509517,0.40007119262837415,0.013380821428619396,0.1211114393554002,0.9029458971613956,-39.81890088063809
189,190.0,0.2541853449811349,5.733955012738822,0.19139300070864124,0.400071063718984,0.013380821428685524,0.12111143935569944,0.9029458971609587,-39.8189008806035
190,191.0,0.32417158402110824,1.310234668187361,0.19139240323619694,0.40007104251557346,0.013380821431617,0.12111143936896601,0.9029458971608689,-39.818900879069936
191,192.0,0.6496266711108437,9.485749105635234,0.19139295524064667,0.40007117797290653,0.013380821428625437,0.12111143935542752,0.9029458971613554,-39.818900880634935
192,193.0,0.13328511353430084,2.4103243990976835,0.19139297869795496,0.40007111942047147,0.013380821428653374,0.12111143935555396,0.9029458971611706,-39.81890088062032
193,194.0,0.8613632964613666,6.75750238916478,0.1913928888157868,0.4000713411149712,0.013380821428578386,0.1211114393552146,0.9029458971616665,-39.81890088065955
194,195.0,0.4291798233242723,6.661573341394889,0.19139296253586738,0.400071160218048,0.013380821428633227,0.12111143935546277,0.9029458971613034,-39.81890088063086
195,196.0,0.46457448463864004,9.349987293026222,0.19139298980737168,0.4000710918502503,0.013380821428668525,0.12111143935562252,0.90294589716107,-39.8189008806124
196,197.0,0.7081959836031598,9.448481815633132,0.19139294479775418,0.40007120380438,0.013380821428615,0.1211114393553803,0.9029458971614246,-39.81890088064039
197,198.0,0.23321604138401297,4.012780440695623,0.19139297332344163,0.4000711330873851,0.013380821428646307,0.12111143935552197,0.9029458971612171,-39.818900880624014
198,199.0,0.7964220290465269,5.194431661224223,0.1913928731444119,0.4000713783357469,0.01338082142857396,0.12111143935519457,0.9029458971616955,-39.81890088066186
199,200.0,0.6230137471141903,4.933026909805667,0.19139288998576232,0.4000713386790195,0.013380821428578724,0.12111143935521614,0.9029458971616641,-39.81890088065937
200,201.0,0.142180128100458,4.570426153526924,0.1913930318813578,0.4000709845892241,0.013380821428740357,0.12111143935594759,0.9029458971605977,-39.81890088057481
201,202.0,0.9381057335722861,8.640831606902353,0.19139290461737343,0.4000713030548683,0.013380821428585312,0.12111143935524595,0.9029458971616208,-39.818900880655924
202,203.0,0.7333143210839255,4.979469614700334,0.19139287683926512,0.4000713701334544,0.01338082142857471,0.12111143935519797,0.9029458971616904,-39.81890088066147
203,204.0,0.9679034268185049,8.697909130973258,0.19139290202478246,0.40007130922968537,0.013380821428584027,0.12111143935524012,0.9029458971616293,-39.81890088065659
204,205.0,0.24270723004450123,8.783330037722363,0.19139304089786335,0.4000709615561403,0.013380821428758382,0.12111143935602917,0.9029458971604792,-39.81890088056539
205,206.0,0.12670272608672029,6.409666400672913,0.19139306288286134,0.40007090549277263,0.013380821428806021,0.12111143935624477,0.9029458971601662,-39.81890088054046
206,207.0,0.1823513361869038,1.639903412108479,0.19139290200589246,0.40007130893015963,0.013380821428584117,0.12111143935524052,0.9029458971616289,-39.81890088065655
207,208.0,0.986926160999724,6.01339109499348,0.19139286896491622,0.4000713885470432,0.013380821428573142,0.12111143935519085,0.9029458971617006,-39.81890088066229
208,209.0,0.871590930858312,0.5490689986627746,0.19139278053093453,0.40007135272115124,0.013380821428667724,0.1211114393556189,0.9029458971616772,-39.81890088061281
209,210.0,0.4102606958117092,6.298306619647278,0.19139296018737628,0.40007116524058867,0.01338082142863109,0.12111143935545311,0.9029458971613185,-39.81890088063197
210,211.0,0.4464211915776184,2.445821271999126,0.19139286238480396,0.40007140394516133,0.013380821428572241,0.12111143935518678,0.9029458971617063,-39.81890088066276
211,212.0,0.2830929414659402,5.157404920525813,0.19139297967464775,0.40007111726945693,0.01338082142865447,0.12111143935555892,0.9029458971611629,-39.81890088061974
212,213.0,0.3091057996627744,2.649918140446751,0.1913928973757261,0.4000713205745977,0.013380821428581817,0.12111143935523012,0.9029458971616439,-39.81890088065775
213,214.0,0.5623400159700932,0.2827217546371864,0.19139284924335595,0.40007143669666884,0.01338082142857158,0.1211114393551838,0.9029458971617093,-39.81890088066311
214,215.0,0.8604693315132383,9.219667782166253,0.19139292054042653,0.4000712638115567,0.01338082142859505,0.12111143935529002,0.9029458971615566,-39.81890088065083
215,216.0,0.4032496914830803,6.605994996804051,0.19139296778071424,0.40007114679745703,0.013380821428639573,0.1211114393554915,0.9029458971612618,-39.81890088062754
216,217.0,0.02108928667289589,4.154198378131965,0.1913931077208946,0.40007078937559887,0.013380821428922551,0.12111143935677213,0.9029458971594047,-39.818900880479504
217,218.0,0.3691713435587939,9.10428775899723,0.1913930096865341,0.4000710413130463,0.013380821428699877,0.12111143935576439,0.9029458971608636,-39.81890088059599
218,219.0,0.7192239043533566,7.029300556238782,0.1913929105695239,0.4000712882785046,0.01338082142858868,0.12111143935526118,0.9029458971615987,-39.81890088065416
219,220.0,0.8503740178543685,2.9414924576731676,0.19139295113490856,0.40007152747432334,0.01338082142872306,0.12111143935586932,0.9029458971616545,-39.81890088058386
220,221.0,0.08785020561778334,8.000613177749749,0.19139308913593583,0.4000708380835686,0.01338082142887062,0.12111143935653712,0.9029458971597426,-39.81890088050667
221,222.0,0.33775669096770544,0.3831862779319047,0.19139284907614043,0.40007143505710757,0.013380821428571601,0.1211114393551839,0.9029458971617095,-39.818900880663094
222,223.0,0.9829805965904265,2.1681798262174716,0.19139323726972338,0.40007182860850204,0.013380821431051865,0.12111143936640847,0.9029458971608069,-39.81890087936558
223,224.0,0.5312293179603415,2.9601487667679187,0.1913928635585494,0.40007140165940147,0.01338082142857232,0.12111143935518714,0.9029458971617057,-39.818900880662724
224,225.0,0.2171776000973702,1.2461041593366216,0.19139286475174336,0.40007139828426136,0.013380821428572531,0.1211114393551881,0.9029458971617045,-39.81890088066261
225,226.0,0.861121608474127,5.9360804819004676,0.19139287789126974,0.4000713672539687,0.013380821428575027,0.12111143935519939,0.9029458971616885,-39.8189008806613
226,227.0,0.06665783964468364,5.2843152417423,0.19139308382997014,0.4000708514248354,0.0133808214288573,0.12111143935647684,0.9029458971598305,-39.81890088051364
227,228.0,0.9230587598379087,5.644586278262821,0.19139286897754562,0.40007138854200747,0.013380821428573128,0.1211114393551908,0.9029458971617006,-39.8189008806623
228,229.0,0.91601659369289,6.864287799589102,0.19139288488795858,0.40007135075658556,0.013380821428577013,0.12111143935520838,0.9029458971616754,-39.818900880660266
229,230.0,0.40429804074997566,5.323894630038095,0.1913929436189323,0.400071206826157,0.013380821428613824,0.12111143935537498,0.9029458971614324,-39.81890088064101
230,231.0,0.4746065421563369,1.77595840392812,0.19139270889841734,0.40007130980146866,0.01338082142888416,0.12111143935659839,0.9029458971616301,-39.818900880499584
231,232.0,0.3745861436349467,1.1203479165872787,0.19139322548796195,0.4000717831095204,0.013380821430753042,0.12111143936505614,0.9029458971610006,-39.818900879521905
232,233.0,0.33006632205739894,5.9551932703575465,0.19139297829630314,0.40007112050835425,0.013380821428652802,0.12111143935555137,0.9029458971611742,-39.81890088062062
233,234.0,0.959499831589359,9.688365822973719,0.1913929139725974,0.4000712797824815,0.013380821428590796,0.12111143935527076,0.9029458971615848,-39.818900880653054
234,235.0,0.6936485355516361,7.740247034108998,0.1913929253483243,0.400071252180251,0.013380821428598415,0.12111143935530524,0.9029458971615342,-39.81890088064907
235,236.0,0.35487168514736067,6.251779094732181,0.19139297577056802,0.40007112677129025,0.013380821428649553,0.12111143935553666,0.9029458971611958,-39.818900880622316
236,237.0,0.060640618504007704,9.5330436334001,0.19139310421643477,0.40007079937596046,0.013380821428911248,0.12111143935672099,0.9029458971594763,-39.818900880485415
237,238.0,0.7280451357814307,6.104329971250691,0.19139289513073568,0.4000713258327287,0.013380821428580868,0.12111143935522584,0.9029458971616502,-39.81890088065825
238,239.0,0.18192594603960632,1.691793046825755,0.1913929054407134,0.40007130079969344,0.013380821428585805,0.12111143935524817,0.9029458971616177,-39.81890088065567
239,240.0,0.46741919786054775,5.7106591607271895,0.19139293518083195,0.4000712278840785,0.013380821428606228,0.12111143935534059,0.9029458971614824,-39.81890088064498
240,241.0,0.3997780891328019,1.535074616809319,0.19139261416520145,0.40007122607442175,0.01338082142943276,0.12111143935908111,0.9029458971614783,-39.818900880212595
241,242.0,0.8336844235718235,4.236129111022412,0.19139285864987315,0.4000714129487724,0.013380821428571884,0.12111143935518516,0.9029458971617083,-39.818900880662945
242,243.0,0.16083920307089905,4.305598355095323,0.19139301716545268,0.4000710226055163,0.013380821428712523,0.12111143935582164,0.9029458971607799,-39.818900880589375
243,244.0,0.8361108316390582,0.09345761284741357,0.1913928484551255,0.4000714358848855,0.013380821428571636,0.12111143935518405,0.9029458971617094,-39.81890088066308
244,245.0,0.8591126742710854,9.13781540451229,0.19139292006747882,0.4000712650781276,0.013380821428594694,0.1211114393552884,0.9029458971615588,-39.818900880651015
245,246.0,0.9787842764022189,6.574497345589388,0.1913928759783362,0.4000713718970006,0.013380821428574542,0.12111143935519719,0.9029458971616916,-39.81890088066156
246,247.0,0.953126001162949,0.2280613381502485,0.1913928503516659,0.4000714328088205,0.013380821428571575,0.12111143935518376,0.9029458971617096,-39.81890088066311
247,248.0,0.8334878968360746,0.8181850882835269,0.1913928457337682,0.4000714307409897,0.01338082142857217,0.12111143935518645,0.9029458971617096,-39.818900880662795
248,249.0,0.5441269429952553,8.088507413982894,0.1913929573773594,0.40007117283113025,0.013380821428627645,0.12111143935543751,0.9029458971613407,-39.81890088063378
249,250.0,0.6632983758061756,9.898588429652303,0.19139295766886602,0.4000711721757692,0.013380821428627907,0.1211114393554387,0.9029458971613388,-39.81890088063364
250,251.0,0.13393640044430366,5.838157806838638,0.19139305400724788,0.40007092853457127,0.013380821428785676,0.1211114393561527,0.902945897160299,-39.818900880551105
251,252.0,0.6170989685974402,4.904241619113911,0.19139288982446606,0.400071338400719,0.013380821428578823,0.12111143935521657,0.9029458971616637,-39.818900880659314
252,253.0,0.5275006975348889,0.9542799151553505,0.19139306403415476,0.40007167075704897,0.013380821429370051,0.12111143935879733,0.9029458971613789,-39.818900880245394
253,254.0,0.549077465565116,4.3259551162092995,0.19139288938420065,0.40007133989906996,0.013380821428578549,0.12111143935521534,0.9029458971616654,-39.818900880659456
254,255.0,0.1449108960119413,9.573137127821497,0.1913930766142073,0.40007087031988897,0.013380821428838716,0.12111143935639272,0.9029458971599515,-39.81890088052336
255,256.0,0.13459716755931994,8.452415757584308,0.19139307419274754,0.4000708766951801,0.013380821428832578,0.12111143935636495,0.9029458971599915,-39.81890088052657
256,257.0,0.5276759434000347,0.08300376638949024,0.19139284956518154,0.4000714337371757,0.01338082142857161,0.12111143935518394,0.9029458971617096,-39.818900880663094
257,258.0,0.6159082396046618,7.740256717985061,0.191392938045353,0.40007122057642447,0.013380821428608799,0.12111143935535224,0.9029458971614656,-39.81890088064364
258,259.0,0.9754911363671696,6.238421156829368,0.19139287195498128,0.4000713812941355,0.013380821428573702,0.12111143935519339,0.902945897161697,-39.818900880662
259,260.0,0.37255042183004605,1.3385012517070525,0.19139284321891745,0.4000714294301862,0.01338082142857269,0.12111143935518881,0.9029458971617097,-39.818900880662525
260,261.0,0.4968758424059625,8.800050172553723,0.19139297605846856,0.4000711258871176,0.013380821428650038,0.12111143935553885,0.9029458971611928,-39.81890088062206
261,262.0,0.07375449110428067,5.800587044797814,0.19139308391926263,0.4000708516618896,0.013380821428856915,0.12111143935647509,0.902945897159832,-39.81890088051384
262,263.0,0.5745414339406572,4.831530463783851,0.19139289548885072,0.4000713250952491,0.013380821428580998,0.12111143935522642,0.9029458971616493,-39.81890088065818
263,264.0,0.8511910636910772,8.27787823207119,0.19139291083764456,0.4000712879680507,0.013380821428588735,0.12111143935526143,0.902945897161598,-39.818900880654134
264,265.0,0.10806394492543125,4.375889840180015,0.1913930490271479,0.4000709413008562,0.013380821428774833,0.12111143935610363,0.9029458971603702,-39.81890088055678
265,266.0,0.9525553179987511,1.568629729013047,0.19139298664528914,0.4000715924126751,0.013380821428905206,0.12111143935669363,0.9029458971615582,-39.81890088048858
266,267.0,0.7275696911390934,5.96310861477837,0.19139289307321766,0.40007133098114334,0.013380821428579989,0.12111143935522184,0.902945897161656,-39.81890088065871
267,268.0,0.946373398808849,1.4168264277031528,0.1913929246579184,0.40007152600891843,0.013380821428673374,0.12111143935564447,0.9029458971616561,-39.81890088060985
268,269.0,0.6880551494590466,7.752593243130002,0.1913929260509396,0.4000712503302556,0.013380821428598989,0.12111143935530784,0.9029458971615304,-39.81890088064877
269,270.0,0.567031568015345,8.875860251931483,0.19139296279476897,0.4000711591579053,0.013380821428633782,0.1211114393554653,0.9029458971613001,-39.818900880630565
270,271.0,0.6299828722299677,2.677567526072887,0.19139285235012274,0.40007142762414727,0.013380821428571613,0.12111143935518395,0.9029458971617097,-39.818900880663094
271,272.0,0.9370945470227288,2.684706328667708,0.19139326688017672,0.40007182495507837,0.013380821431280665,0.12111143936744392,0.9029458971608233,-39.81890087924589
272,273.0,0.974034133279938,5.325645888432202,0.19139286235115344,0.40007140405507313,0.013380821428572224,0.1211114393551867,0.9029458971617064,-39.818900880662774
273,274.0,0.35882506468689623,4.105219320094092,0.1913929276962441,0.40007124623127144,0.01338082142860024,0.12111143935531349,0.9029458971615222,-39.818900880648116
274,275.0,0.6439787658942145,2.956572632254379,0.19139285500461536,0.4000714214100362,0.013380821428571683,0.12111143935518426,0.9029458971617095,-39.81890088066305
275,276.0,0.8796339675774152,3.811915600569636,0.19139285247206758,0.40007142681089314,0.013380821428571643,0.12111143935518406,0.9029458971617096,-39.81890088066307
276,277.0,0.06612267242427772,9.64577396410224,0.19139310223388323,0.40007080418381874,0.013380821428906163,0.12111143935669798,0.9029458971595103,-39.81890088048807
277,278.0,0.7347986223629588,7.975191407727856,0.1913929222321992,0.4000712601071659,0.013380821428596068,0.12111143935529461,0.9029458971615495,-39.8189008806503
278,279.0,0.6123410751682047,3.9880759723808974,0.19139287315537842,0.4000713784031815,0.013380821428573945,0.1211114393551945,0.9029458971616955,-39.81890088066187
279,280.0,0.7891772117973808,0.23107438225249763,0.19139285286388277,0.4000714263212691,0.013380821428571638,0.12111143935518405,0.9029458971617096,-39.81890088066308
280,281.0,0.05979051449145245,7.594339533406137,0.1913930990281879,0.40007081251126464,0.013380821428897238,0.12111143935665758,0.9029458971595685,-39.81890088049274
281,282.0,0.07263097109836358,8.657370484729125,0.19139309727880655,0.4000708169661834,0.013380821428892542,0.12111143935663633,0.9029458971595994,-39.8189008804952
282,283.0,0.033034264139511604,1.4460752627216293,0.19139305444783228,0.40007092735412897,0.013380821428786703,0.12111143935615735,0.9029458971602924,-39.81890088055057
283,284.0,0.23889059264272638,1.0492632722053572,0.19139285322662355,0.40007142548846014,0.013380821428571634,0.12111143935518404,0.9029458971617096,-39.81890088066308
284,285.0,0.6374494945596234,2.441614311638839,0.1913926232702918,0.40007123496630115,0.013380821429365988,0.12111143935877894,0.9029458971614983,-39.818900880247526
285,286.0,0.6114998569009455,8.673582345333916,0.19139295165650655,0.4000711868062066,0.013380821428621743,0.1211114393554108,0.90294589716138,-39.81890088063687
286,287.0,0.5229099281441227,5.111253870131214,0.19139291083734855,0.40007128783706436,0.013380821428588766,0.12111143935526157,0.902945897161598,-39.81890088065412
287,288.0,0.27351747231443946,3.0881620012384845,0.19139292625902773,0.40007124982654596,0.013380821428599142,0.12111143935530852,0.9029458971615294,-39.81890088064869
288,289.0,0.2056186613671086,7.114804150858177,0.19139303758638274,0.40007097011910836,0.013380821428751556,0.12111143935599829,0.9029458971605239,-39.818900880568954
289,290.0,0.0907889403855292,9.16721733274219,0.19139309227039836,0.4000708297127097,0.013380821428879294,0.12111143935657638,0.9029458971596865,-39.818900880502134
290,291.0,0.6423402305988033,2.4071279026304926,0.19139270322106414,0.40007130615014846,0.013380821428907057,0.12111143935670202,0.9029458971616251,-39.81890088048761
291,292.0,0.3718190115312322,0.2988052009147836,0.191392849406759,0.40007143359059694,0.013380821428571632,0.12111143935518404,0.9029458971617095,-39.81890088066308
292,293.0,0.570434746990252,1.6240463592328993,0.19139327192030592,0.4000718293484859,0.013380821431345351,0.12111143936773666,0.9029458971608035,-39.818900879212045
293,294.0,0.455643363015356,8.033729370152555,0.1913929757759828,0.40007112650998755,0.01338082142864972,0.12111143935553742,0.902945897161195,-39.81890088062223
294,295.0,0.46213921207172903,9.491213765439777,0.1913929920745575,0.4000710859531535,0.013380821428671981,0.12111143935563817,0.9029458971610475,-39.818900880610585
295,296.0,0.49297449560142925,1.187124458456549,0.19139328863049468,0.40007186749480556,0.013380821431687402,0.12111143936928463,0.9029458971606228,-39.81890087903311
296,297.0,0.9556135772539448,1.4044615602983903,0.1913929149222021,0.4000715151920716,0.013380821428648777,0.12111143935553315,0.9029458971616674,-39.81890088062272
297,298.0,0.507386816678257,8.489704488457138,0.19139297019182439,0.400071140860234,0.013380821428642456,0.12111143935550454,0.9029458971612426,-39.81890088062603
298,299.0,0.215241460060423,2.625669390110238,0.19139293468283594,0.4000712287104392,0.013380821428606006,0.12111143935533959,0.9029458971614842,-39.818900880645096
299,300.0,0.5331361056562625,8.890557566337158,0.19139296980191636,0.40007114174877884,0.013380821428642034,0.12111143935550264,0.9029458971612455,-39.81890088062625
300,301.0,0.5208016590050093,9.835245043298528,0.19139298326489151,0.40007110798525036,0.013380821428659534,0.12111143935558183,0.9029458971611298,-39.81890088061709
301,302.0,0.047517722025209985,6.141002296472839,0.19139309942573385,0.4000708113964897,0.013380821428898449,0.12111143935666305,0.9029458971595609,-39.81890088049211
302,303.0,0.9875874357894399,6.17129987877569,0.1913928703674621,0.40007138525698416,0.01338082142857338,0.12111143935519193,0.902945897161699,-39.81890088066216
303,304.0,0.8084847361134277,8.169216510210955,0.1913929144879205,0.4000712790083741,0.013380821428590947,0.12111143935527145,0.9029458971615835,-39.818900880652976
304,305.0,0.46100078410907086,6.038258086852309,0.19139294350542085,0.4000712075143777,0.013380821428613514,0.12111143935537357,0.902945897161434,-39.818900880641166
305,306.0,0.9277180146736642,0.09778464000482215,0.19139284861349135,0.40007143584175636,0.013380821428571627,0.12111143935518401,0.9029458971617094,-39.81890088066309
306,307.0,0.50861308576439,9.893145451102065,0.19139298592804035,0.40007110104479465,0.013380821428663429,0.12111143935559945,0.9029458971611044,-39.818900880615054
307,308.0,0.2687976761623643,1.733793982891757,0.19139287241724462,0.40007138022712624,0.013380821428573792,0.12111143935519382,0.9029458971616965,-39.81890088066195
308,309.0,0.9789799599650594,3.272044355231558,0.19139303602965912,0.40007160412139814,0.013380821429093148,0.12111143935754418,0.9029458971615358,-39.81890088039026
309,310.0,0.4041615767848732,0.5237892422543163,0.19139284597829842,0.4000714400905716,0.013380821428571731,0.12111143935518447,0.9029458971617089,-39.81890088066303
310,311.0,0.3766515050262441,1.3191148390583358,0.19139291801172695,0.40007149615132837,0.01338082142863769,0.12111143935548298,0.9029458971616839,-39.81890088062852
311,312.0,0.6606058444226104,7.848092425750813,0.19139293151945264,0.4000712364091142,0.013380821428603435,0.12111143935532796,0.9029458971615013,-39.81890088064644
312,313.0,0.5160760357207981,0.680363308581341,0.19139287342267283,0.4000714647104704,0.013380821428580695,0.12111143935522505,0.9029458971617023,-39.81890088065834
313,314.0,0.4420943218070691,8.302900540441096,0.19139298252744552,0.400071109968237,0.013380821428658426,0.12111143935557682,0.902945897161137,-39.818900880617676
314,315.0,0.20636814685959903,1.7348325482031943,0.19139289523276462,0.4000713255201715,0.013380821428580934,0.12111143935522613,0.9029458971616497,-39.81890088065822
315,316.0,0.7631956381223532,8.764931034436719,0.19139292807460723,0.40007124517842046,0.013380821428600597,0.1211114393553151,0.9029458971615199,-39.818900880647924
316,317.0,0.14963328445476276,9.10230200054098,0.19139307233754543,0.40007088109123756,0.013380821428828524,0.1211114393563466,0.9029458971600188,-39.818900880528695
317,318.0,0.7541788812972022,3.774886244209227,0.19139285781753546,0.40007141438935623,0.013380821428571854,0.12111143935518504,0.9029458971617086,-39.818900880662966
318,319.0,0.5739519862324513,7.764721652866177,0.19139294657933242,0.40007119958658593,0.013380821428616596,0.12111143935538753,0.9029458971614138,-39.81890088063956
319,320.0,0.3470003175525096,6.891668426935117,0.19139298843880145,0.4000710951756086,0.013380821428666652,0.12111143935561405,0.9029458971610825,-39.81890088061337
320,321.0,0.5071754153386333,1.8666449110455348,0.19139276549145512,0.40007136092975765,0.013380821428685177,0.12111143935569789,0.9029458971616838,-39.81890088060368
321,322.0,0.6784213641118593,9.109229797995807,0.1913929458255415,0.400071201603838,0.013380821428615781,0.12111143935538383,0.9029458971614192,-39.81890088063999
322,323.0,0.7811653430125659,1.3030162891333192,0.1913929963120724,0.40007160278696563,0.013380821428953431,0.12111143935691189,0.9029458971615385,-39.818900880463346
323,324.0,0.8141376598890527,9.29825072934425,0.19139292732148588,0.400071246878464,0.013380821428600094,0.12111143935531284,0.9029458971615234,-39.818900880648194
324,325.0,0.4890798672725126,1.3554276649926433,0.19139328809783207,0.40007184770714066,0.013380821431579953,0.12111143936879837,0.9029458971607185,-39.81890087908932
325,326.0,0.46167625851031235,2.7075686121218197,0.19139286621874707,0.40007139503373834,0.013380821428572706,0.1211114393551889,0.9029458971617034,-39.81890088066252
326,327.0,0.053815901326836446,7.365561561472613,0.1913931009482995,0.4000708076888513,0.013380821428902331,0.12111143935668064,0.9029458971595349,-39.81890088049008
327,328.0,0.22882554078203432,9.278584577387393,0.19139304923295353,0.4000709407601225,0.01338082142877529,0.12111143935610569,0.9029458971603672,-39.81890088055654
328,329.0,0.7495630528868631,3.285266466074287,0.19139285281385454,0.40007142609400503,0.013380821428571645,0.12111143935518409,0.9029458971617096,-39.81890088066307
329,330.0,0.969135323781575,8.61940616588415,0.1913929007196193,0.4000713120661242,0.013380821428583491,0.1211114393552377,0.9029458971616331,-39.81890088065687
330,331.0,0.6596585745330448,3.996367432361352,0.19139286823671203,0.40007139024054134,0.01338082142857303,0.12111143935519035,0.9029458971617013,-39.81890088066235
331,332.0,0.06626839570781573,3.8657958410208515,0.19139307063618619,0.4000708860690093,0.013380821428823688,0.12111143935632472,0.9029458971600492,-39.818900880531224
332,333.0,0.8656077394190319,7.959595395008149,0.19139290451167432,0.40007130323346884,0.013380821428585281,0.1211114393552458,0.902945897161621,-39.81890088065594
333,334.0,0.1486020999461687,6.30645799824965,0.19139305181680627,0.40007093368990415,0.01338082142878138,0.12111143935613325,0.9029458971603281,-39.81890088055336
334,335.0,0.6992829303527464,1.0789060227963307,0.1913929420388757,0.4000715453975419,0.013380821428725797,0.1211114393558817,0.9029458971616326,-39.818900880582426
335,336.0,0.5405078706261754,9.466958556286448,0.19139297512261028,0.40007112845643167,0.013380821428648677,0.1211114393555327,0.9029458971612015,-39.81890088062278
336,337.0,0.565531043007099,1.2696052703593124,0.1913932502663914,0.4000718380714595,0.013380821431204,0.12111143936709698,0.9029458971607638,-39.81890087928599
337,338.0,0.8519536423259797,7.45659364835269,0.19139289943325138,0.40007131564907056,0.013380821428582735,0.12111143935523427,0.9029458971616378,-39.81890088065727
338,339.0,0.9718162446878159,1.346433130931198,0.19139288892233494,0.4000714853560398,0.013380821428599275,0.12111143935530914,0.9029458971616915,-39.81890088064861
339,340.0,0.48972080938957496,4.439308386752013,0.19139290281640106,0.40007130690496795,0.013380821428584547,0.12111143935524248,0.9029458971616261,-39.81890088065633
340,341.0,0.06618566364701273,2.189105132140738,0.19139303445217767,0.40007097836979993,0.013380821428745046,0.12111143935596881,0.9029458971605663,-39.818900880572365
341,342.0,0.6982107412174718,7.217632075996065,0.1913929170446552,0.40007127282942384,0.013380821428592541,0.12111143935527866,0.9029458971615728,-39.818900880652144
342,343.0,0.939389443595586,0.7734980610090775,0.1913928482694186,0.4000714328095435,0.01338082142857175,0.12111143935518456,0.9029458971617096,-39.818900880663016
343,344.0,0.1118318634788974,3.048709414045057,0.19139301840118447,0.400071019098635,0.013380821428715061,0.12111143935583313,0.9029458971607638,-39.818900880588046
344,345.0,0.6219511338187165,2.1037974428490114,0.1913930080987016,0.4000715780727274,0.013380821428945405,0.12111143935687556,0.9029458971615836,-39.818900880467545
345,346.0,0.36058836011710993,4.217883505910577,0.19139293040589234,0.4000712398335873,0.013380821428602233,0.12111143935532252,0.9029458971615087,-39.81890088064708
346,347.0,0.6568872118487799,8.75263853526848,0.1913929454029111,0.40007120287974,0.01338082142861527,0.1211114393553815,0.9029458971614223,-39.81890088064026
347,348.0,0.08352346650808096,1.1920862891199333,0.19139295215635427,0.40007118520562684,0.013380821428622462,0.12111143935541405,0.9029458971613755,-39.818900880636484
348,349.0,0.4313736025338011,4.700741415355242,0.19139292265913727,0.40007125902943885,0.013380821428596368,0.12111143935529597,0.9029458971615475,-39.81890088065014
349,350.0,0.4241821543565577,0.3430526352530161,0.19139284834453796,0.4000714363622354,0.013380821428571636,0.12111143935518405,0.9029458971617093,-39.81890088066308
350,351.0,0.29178413314587826,7.510661141488462,0.1913930134584767,0.400071031829021,0.013380821428706223,0.12111143935579313,0.9029458971608217,-39.81890088059267
351,352.0,0.6431678213487972,1.128763022010175,0.19139303776423056,0.4000716447083925,0.013380821429191149,0.12111143935798768,0.9029458971614461,-39.818900880338994
352,353.0,0.1770361109244586,4.7374356002098255,0.19139301654045515,0.4000710236897255,0.01338082142871188,0.12111143935581874,0.9029458971607849,-39.818900880589716
353,354.0,0.7100031136593898,0.39095515081247295,0.1913928479057317,0.40007143657771377,0.013380821428571662,0.12111143935518416,0.9029458971617093,-39.818900880663065
354,355.0,0.5564703322809244,2.644255792298189,0.1913928562090617,0.400071418659189,0.013380821428571733,0.1211114393551845,0.9029458971617091,-39.81890088066303
355,356.0,0.4835455709516031,7.408824334272907,0.19139296062718245,0.40007116479829363,0.013380821428631172,0.12111143935545347,0.9029458971613172,-39.818900880631936
356,357.0,0.4359666362204062,8.643158073691016,0.19139298796508658,0.40007109609726066,0.013380821428666183,0.12111143935561193,0.902945897161086,-39.81890088061361
357,358.0,0.6053815916901014,9.224544489003147,0.1913929599486494,0.4000711662645674,0.013380821428630552,0.12111143935545067,0.9029458971613216,-39.818900880632256
358,359.0,0.6894655570934218,1.6274052865208648,0.1913932800791319,0.4000718608817204,0.01338082143157585,0.1211114393687798,0.9029458971606552,-39.818900879091466
359,360.0,0.5949415057250581,2.907459645842254,0.19139285693971347,0.4000714168923182,0.013380821428571783,0.12111143935518472,0.9029458971617088,-39.818900880663
360,361.0,0.10355452578421087,1.026323351719882,0.19139291209172335,0.4000712844507254,0.01338082142858962,0.12111143935526543,0.9029458971615925,-39.81890088065367
361,362.0,0.21217090004699035,6.95136345798364,0.191393033911168,0.4000709797477077,0.013380821428743984,0.12111143935596404,0.9029458971605733,-39.81890088057291
362,363.0,0.01992239323714695,1.32145351672493,0.19139307634490485,0.40007087080236353,0.01338082142883832,0.12111143935639093,0.9029458971599547,-39.81890088052357
363,364.0,0.1236332356405151,7.633546660104201,0.1913930729076976,0.40007087964827515,0.013380821428829882,0.12111143935635277,0.90294589716001,-39.818900880527984
364,365.0,0.6254496740579384,3.6672584590777806,0.19139286655984508,0.4000713945254902,0.013380821428572732,0.121111439355189,0.902945897161703,-39.818900880662504
365,366.0,0.6250718269421685,1.0570685283244226,0.1913930070854956,0.4000716138327917,0.013380821429010007,0.12111143935716792,0.9029458971615161,-39.818900880433745
366,367.0,0.3814165317033631,4.559261302690675,0.19139293261797635,0.40007123390180016,0.01338082142860424,0.12111143935533158,0.9029458971614959,-39.81890088064603
367,368.0,0.14882673074605135,6.1231000739795345,0.1913930506879658,0.4000709372879277,0.013380821428778139,0.1211114393561186,0.9029458971603481,-39.81890088055505
368,369.0,0.14158240399677824,2.101432345882474,0.19139295708530057,0.40007117360706734,0.013380821428627288,0.1211114393554359,0.902945897161343,-39.81890088063396
369,370.0,0.9065981261696767,4.539445506795243,0.19139285845766343,0.40007141348536945,0.013380821428571867,0.12111143935518509,0.9029458971617084,-39.81890088066296
370,371.0,0.6635604964989765,5.764232691813143,0.1913928984811993,0.40007131765165704,0.013380821428582379,0.12111143935523266,0.9029458971616403,-39.81890088065746
371,372.0,0.0013538403037285374,2.925077797660858,0.19139312415101015,0.4000707475935656,0.013380821428969902,0.12111143935698643,0.9029458971590936,-39.818900880454734
372,373.0,0.8506904513940935,9.356710775214099,0.19139292413947373,0.4000712554271903,0.013380821428597417,0.12111143935530072,0.9029458971615405,-39.81890088064959
373,374.0,0.9223327836295399,5.5813871600147795,0.19139286815948808,0.4000713902915178,0.013380821428573027,0.12111143935519034,0.9029458971617014,-39.81890088066235
374,375.0,0.25561736294442194,3.99604376607191,0.19139296265704672,0.40007115929211784,0.013380821428633755,0.12111143935546516,0.9029458971613006,-39.81890088063058
375,376.0,0.5743014770172769,8.095970650411331,0.19139295104856102,0.40007118842763534,0.013380821428621069,0.12111143935540775,0.9029458971613843,-39.81890088063722
376,377.0,0.8209511574397684,7.945526569237897,0.19139290978880794,0.4000712903839461,0.013380821428588171,0.12111143935525888,0.9029458971616019,-39.81890088065443
377,378.0,0.14914212094688817,9.178587346946708,0.19139307277923084,0.4000708798828639,0.0133808214288297,0.12111143935635194,0.9029458971600113,-39.818900880528076
378,379.0,0.3857095703511726,0.0388486147398508,0.1913928485670374,0.40007143540514717,0.01338082142857165,0.1211114393551841,0.9029458971617094,-39.81890088066307
379,380.0,0.9579295528918957,9.573815042980275,0.1913929130064866,0.40007128230469674,0.013380821428590147,0.12111143935526782,0.9029458971615889,-39.81890088065339
380,381.0,0.9190042406003913,3.5164691428263413,0.19139262693880932,0.40007123848719617,0.013380821429340028,0.12111143935866145,0.9029458971615058,-39.818900880261104
381,382.0,0.7845309421234226,7.266274439648552,0.19139290559833955,0.40007130068050134,0.013380821428585817,0.12111143935524823,0.9029458971616174,-39.81890088065566
382,383.0,0.42501716186475413,0.019907990225677626,0.1913928496543331,0.40007143322270955,0.01338082142857163,0.12111143935518404,0.9029458971617095,-39.81890088066308
383,384.0,0.0048517257618628795,3.3017145384140854,0.1913931204079118,0.4000707572203946,0.013380821428958675,0.12111143935693561,0.9029458971591671,-39.8189008804606
384,385.0,0.5765601180552479,9.074483007950091,0.19139296363462743,0.40007115713845814,0.01338082142863469,0.1211114393554694,0.9029458971612941,-39.818900880630096
385,386.0,0.6506649382942087,7.86713933756925,0.1913929342565589,0.40007123015384105,0.013380821428605442,0.12111143935533702,0.9029458971614877,-39.818900880645394
386,387.0,0.5574485038058374,3.954997714329817,0.19139288058456705,0.40007136110783703,0.013380821428575693,0.12111143935520241,0.902945897161684,-39.818900880660955
387,388.0,0.7955862107201437,6.5540364600743715,0.1913928933422837,0.4000713301148358,0.013380821428580148,0.12111143935522257,0.902945897161655,-39.818900880658624
388,389.0,0.9932498379444458,4.736068747055927,0.19139285645840556,0.400071418141621,0.013380821428571749,0.12111143935518455,0.902945897161709,-39.81890088066302
389,390.0,0.8012681593244703,8.065397772657276,0.1913929134329614,0.4000712809694847,0.01338082142859051,0.12111143935526947,0.9029458971615868,-39.8189008806532
390,391.0,0.4837466280717735,5.227412319321336,0.1913929212043652,0.400071261821323,0.013380821428595653,0.12111143935529273,0.9029458971615528,-39.81890088065051
391,392.0,0.9263814434717734,0.7609912716610064,0.19139284815207344,0.4000714332455294,0.013380821428571733,0.1211114393551845,0.9029458971617096,-39.81890088066303
392,393.0,0.38861432477161206,2.383016978292691,0.19139286935198124,0.4000713878798747,0.01338082142857317,0.12111143935519099,0.9029458971617003,-39.81890088066228
393,394.0,0.8485698982663281,5.987993538742891,0.19139287983092315,0.4000713629664832,0.013380821428575482,0.12111143935520144,0.9029458971616854,-39.81890088066106
394,395.0,0.8992230241501399,6.047297610731095,0.19139287559399984,0.40007137260366227,0.013380821428574491,0.12111143935519697,0.9029458971616919,-39.81890088066159
395,396.0,0.6220516282225804,1.744636771225692,0.1913932817862952,0.4000718400233658,0.01338082143148465,0.12111143936836706,0.9029458971607546,-39.81890087913917
396,397.0,0.7538967262556733,3.5259316693248093,0.191392855276348,0.4000714207379708,0.013380821428571702,0.12111143935518434,0.9029458971617093,-39.81890088066304
397,398.0,0.746578593984926,8.905996483686398,0.19139293260458698,0.4000712341353093,0.013380821428604143,0.12111143935533115,0.9029458971614963,-39.818900880646076
398,399.0,0.16727001285938736,4.982785726974376,0.19139302625956953,0.4000709995910465,0.013380821428728953,0.12111143935589598,0.9029458971606715,-39.81890088058078
399,400.0,0.8060400072158755,0.5216990738346876,0.19139274038928056,0.40007131102238097,0.013380821428797849,0.12111143935620777,0.9029458971616316,-39.81890088054474
400,401.0,0.13582074404187017,9.905501647939339,0.19139308070732855,0.40007085980916945,0.013380821428848902,0.12111143935643884,0.9029458971598848,-39.81890088051803
401,402.0,0.6464953091276712,8.144355296476022,0.19139293846990751,0.40007121952519714,0.013380821428609175,0.12111143935535393,0.9029458971614631,-39.81890088064344
402,403.0,0.9847094444973027,2.6374741327302353,0.19139330081817088,0.4000718628567271,0.013380821431774876,0.1211114393696805,0.9029458971606457,-39.81890087898734
403,404.0,0.8809469775885526,5.688893890253398,0.19139287305243613,0.40007137885395133,0.013380821428573898,0.12111143935519429,0.9029458971616957,-39.8189008806619
404,405.0,0.09174911270789177,5.165866323925878,0.19139306851210705,0.40007089106997806,0.013380821428819162,0.12111143935630425,0.9029458971600799,-39.81890088053358
405,406.0,0.46652452589070326,6.853609464329995,0.1913929556372305,0.400071176882802,0.013380821428625922,0.12111143935542971,0.9029458971613523,-39.81890088063468
406,407.0,0.8146797135119901,9.346714710810074,0.1913929278231763,0.4000712456361306,0.013380821428600477,0.12111143935531458,0.9029458971615208,-39.81890088064799
407,408.0,0.8722358101563281,2.684499436864621,0.19139318835553681,0.40007174690436303,0.013380821430333537,0.12111143936315764,0.9029458971611379,-39.81890087974136
408,409.0,0.4542991308660028,7.426634481406352,0.1913929677191188,0.4000711469770866,0.013380821428639497,0.12111143935549115,0.9029458971612623,-39.81890088062758
409,410.0,0.25028096070685013,0.4974772179692346,0.1913928490009855,0.4000714354579815,0.013380821428571617,0.12111143935518395,0.9029458971617094,-39.818900880663094
410,411.0,0.6087150353917368,0.15549721921086307,0.19139285310995263,0.40007142709436533,0.01338082142857159,0.12111143935518384,0.9029458971617096,-39.8189008806631
411,412.0,0.33541621321170156,7.675254045912645,0.1913930021940928,0.4000710600882197,0.013380821428687765,0.1211114393557096,0.9029458971609438,-39.81890088060233
412,413.0,0.10161140080733955,0.3980029587196786,0.19139284967126577,0.4000714331395458,0.01338082142857162,0.12111143935518397,0.9029458971617096,-39.81890088066309
413,414.0,0.5443167674911181,6.296842247687454,0.19139292925173826,0.40007124265915317,0.013380821428601333,0.12111143935531844,0.9029458971615147,-39.81890088064754
414,415.0,0.27803489676008963,5.615240451328859,0.19139298999903243,0.4000710910673815,0.013380821428669039,0.12111143935562485,0.902945897161067,-39.81890088061212
415,416.0,0.748072801220723,5.963238492743652,0.19139289007093815,0.4000713379065126,0.013380821428578896,0.1211114393552169,0.9029458971616633,-39.81890088065928
416,417.0,0.89358216851338,4.9672918035254625,0.1913928637261486,0.40007140113799616,0.013380821428572368,0.12111143935518735,0.9029458971617054,-39.818900880662696
417,418.0,0.45380381670343817,8.103101007056752,0.19139297695214674,0.40007112366329145,0.013380821428651192,0.12111143935554408,0.9029458971611851,-39.818900880621456
418,419.0,0.017664532169484604,8.76297094057559,0.19139311823287367,0.4000707625556352,0.013380821428952623,0.12111143935690823,0.9029458971592073,-39.81890088046377
419,420.0,0.09292707886194551,4.816508816077163,0.1913930643181963,0.40007090208552526,0.013380821428809014,0.1211114393562583,0.902945897160146,-39.81890088053889
420,421.0,0.9589747288119141,5.474410005636659,0.19139286448261714,0.4000713989888492,0.013380821428572495,0.12111143935518794,0.9029458971617047,-39.81890088066263
421,422.0,0.5675091994410897,6.183774694931555,0.1913929221858527,0.40007125962877305,0.013380821428596262,0.12111143935529549,0.9029458971615486,-39.8189008806502
422,423.0,0.20644248024371703,1.2445542467379245,0.1913928676779511,0.40007139130359937,0.013380821428572972,0.12111143935519009,0.9029458971617017,-39.81890088066238
423,424.0,0.3797958347621615,4.227207649901406,0.19139292440905367,0.4000712540300096,0.013380821428597903,0.12111143935530291,0.9029458971615378,-39.81890088064934
424,425.0,0.2844452203159631,2.5817329815025665,0.19139290361199984,0.40007130561430665,0.013380821428584749,0.12111143935524339,0.9029458971616244,-39.81890088065622
425,426.0,0.6827533602476785,5.473018092497369,0.1913928910775003,0.4000713360137221,0.013380821428579147,0.12111143935521804,0.9029458971616613,-39.81890088065915
426,427.0,0.3208854607555196,6.61918925734962,0.1913929920321105,0.4000710858178289,0.013380821428672106,0.12111143935563873,0.902945897161047,-39.818900880610514
427,428.0,0.23720955696067314,4.860402734691256,0.1913929919475882,0.4000710864525233,0.013380821428671651,0.12111143935563667,0.9029458971610493,-39.818900880610755
428,429.0,0.3046962029649981,0.34148893689985804,0.1913928499020514,0.40007143295904646,0.013380821428571615,0.12111143935518395,0.9029458971617095,-39.818900880663094
429,430.0,0.36336115132077695,8.889022902717503,0.19139300830358746,0.4000710444036313,0.013380821428697941,0.12111143935575565,0.902945897160877,-39.818900880597
430,431.0,0.7582990884116462,1.9115621797280933,0.19139330231384527,0.4000718735371737,0.013380821431845746,0.12111143937000123,0.9029458971605927,-39.81890087895027
431,432.0,0.2964435174312686,4.369032001968124,0.19139295598358497,0.4000711759214944,0.013380821428626354,0.12111143935543167,0.9029458971613495,-39.81890088063445
432,433.0,0.1380592438648769,8.080468882050278,0.19139307064707195,0.4000708857268561,0.013380821428824087,0.12111143935632653,0.9029458971600474,-39.81890088053101
433,434.0,0.3305469091088964,0.08705172716853146,0.1913928499361978,0.4000714331687756,0.013380821428571598,0.12111143935518387,0.9029458971617096,-39.818900880663094
434,435.0,0.23637408236184265,8.190638434574376,0.19139303803490024,0.40007096934075576,0.013380821428752061,0.12111143935600056,0.90294589716052,-39.81890088056869
435,436.0,0.9055445370260671,9.84152670835685,0.19139292269480457,0.400071258906896,0.013380821428596403,0.12111143935529613,0.9029458971615473,-39.81890088065012
436,437.0,0.19390333614871247,5.090069288335807,0.19139301464563935,0.40007102819960394,0.013380821428708854,0.12111143935580503,0.9029458971608053,-39.81890088059129
437,438.0,0.22845558524104959,0.2914774565886395,0.19139284861695993,0.40007143526414446,0.013380821428571627,0.12111143935518401,0.9029458971617095,-39.81890088066309
438,439.0,0.954577858436257,2.273552073689051,0.1913932841929329,0.4000718641599488,0.013380821431629766,0.1211114393690238,0.9029458971606392,-39.81890087906326
439,440.0,0.7283941707709403,0.73208965672987,0.19139284599241355,0.40007143002317286,0.013380821428572184,0.12111143935518653,0.9029458971617096,-39.818900880662795
440,441.0,0.025493542557616933,4.610072742403219,0.19139310630349907,0.40007079327110695,0.013380821428918168,0.1211114393567523,0.9029458971594327,-39.81890088048179
441,442.0,0.515993723797618,5.125542996974185,0.19139291215801227,0.4000712841976656,0.013380821428589694,0.12111143935526578,0.902945897161592,-39.818900880653636
442,443.0,0.8501312027747393,6.981476399701279,0.19139289304249582,0.40007133086728075,0.013380821428580027,0.121111439355222,0.9029458971616557,-39.81890088065869
443,444.0,0.6739236820463164,9.52527869411832,0.19139295157321315,0.400071187374108,0.013380821428621462,0.12111143935540954,0.9029458971613814,-39.81890088063701
444,445.0,0.437416127780079,8.787613834089944,0.19139298933714893,0.4000710926020168,0.013380821428668165,0.1211114393556209,0.902945897161073,-39.81890088061258
445,446.0,0.018585188632622374,6.16854165833001,0.19139311530613554,0.4000707705663793,0.013380821428943293,0.12111143935686601,0.9029458971592672,-39.818900880468654
446,447.0,0.19732219199966805,6.4438116831536965,0.19139303373514469,0.40007098049982953,0.013380821428743327,0.12111143935596103,0.902945897160577,-39.81890088057327
447,448.0,0.8346105375116896,4.468353674591005,0.19139286139458567,0.40007140660702056,0.013380821428572115,0.12111143935518622,0.9029458971617069,-39.81890088066283
448,449.0,0.22021587356898809,0.11910347939484368,0.1913928484907444,0.40007143576077575,0.01338082142857164,0.12111143935518406,0.9029458971617094,-39.81890088066308
449,450.0,0.4293011219972981,2.958441330643748,0.19139287749123007,0.40007136802013143,0.013380821428574954,0.12111143935519907,0.902945897161689,-39.818900880661346
450,451.0,0.8559020985944736,4.086261379165805,0.19139285567005165,0.40007141942472724,0.013380821428571738,0.12111143935518451,0.9029458971617093,-39.81890088066302
451,452.0,0.3240292532215776,2.758039486019462,0.19139289650037777,0.40007132254444056,0.013380821428581458,0.12111143935522849,0.9029458971616463,-39.81890088065794
452,453.0,0.25976271485904145,2.8620068267060756,0.19139292380608272,0.4000712558322863,0.013380821428597344,0.1211114393553004,0.9029458971615413,-39.81890088064963
453,454.0,0.17089794159114857,1.9067051897441076,0.19139292517067866,0.4000712527846115,0.013380821428598212,0.12111143935530432,0.9029458971615354,-39.818900880649174
454,455.0,0.6843118763853061,4.135711087247862,0.19139286843867395,0.40007139018893495,0.013380821428573005,0.12111143935519024,0.9029458971617014,-39.81890088066236
455,456.0,0.018170052326720088,5.478891816159073,0.1913931142344434,0.40007077307185546,0.013380821428940553,0.12111143935685359,0.9029458971592857,-39.81890088047008
456,457.0,0.3616038796840668,7.050034074733666,0.1913929864690709,0.40007110006739943,0.013380821428663878,0.1211114393556015,0.902945897161101,-39.81890088061483
457,458.0,0.35206825372085415,0.33240259875506506,0.1913928486669581,0.40007143569011305,0.013380821428571617,0.12111143935518395,0.9029458971617095,-39.818900880663094
458,459.0,0.9974281037385783,2.1888171254553592,0.19139323425318625,0.40007182407170466,0.013380821431006332,0.12111143936620242,0.9029458971608273,-39.8189008793894
459,460.0,0.5740426175805965,4.93485567468578,0.19139289777085855,0.40007131947446384,0.013380821428582022,0.12111143935523104,0.9029458971616426,-39.818900880657644
460,461.0,0.9868986231131457,1.0897920988631582,0.19139284817721508,0.4000714316400801,0.013380821428571808,0.12111143935518481,0.9029458971617097,-39.818900880662994
461,462.0,0.9258495379870946,0.8732257981568514,0.19139284695101977,0.4000714298344634,0.013380821428572052,0.12111143935518594,0.9029458971617097,-39.81890088066286
462,463.0,0.2408244355160536,2.1659264733489487,0.19139290169121295,0.40007130965110493,0.013380821428583971,0.12111143935523987,0.9029458971616299,-39.81890088065663
463,464.0,0.5628695499617791,3.835072783656119,0.19139287704725852,0.4000713693209651,0.013380821428574819,0.12111143935519844,0.9029458971616898,-39.81890088066141
464,465.0,0.494961693820984,7.538490387172426,0.19139295975112097,0.40007116681309635,0.013380821428630297,0.12111143935544952,0.9029458971613231,-39.81890088063239
465,466.0,0.736902244829014,9.53739656096722,0.1913929414772198,0.4000712120278722,0.0133808214286119,0.12111143935536627,0.9029458971614451,-39.81890088064201
466,467.0,0.20531102903397547,7.900983917299283,0.1913930454666908,0.4000709501389962,0.013380821428767582,0.1211114393560708,0.9029458971604184,-39.81890088056058
467,468.0,0.4217265547489437,6.939740526127205,0.19139296881365617,0.40007114449364617,0.013380821428640643,0.12111143935549634,0.9029458971612544,-39.818900880626984
468,469.0,0.4232686452874149,9.014340127247994,0.1913929958205255,0.400071076656411,0.013380821428677487,0.12111143935566308,0.9029458971610109,-39.81890088060771
469,470.0,0.3369603100965458,0.42987141607515494,0.19139284921340713,0.4000714339256712,0.013380821428571638,0.12111143935518405,0.9029458971617095,-39.81890088066308
470,471.0,0.7906853817157543,1.3275160300787274,0.19139300157506747,0.4000716076233069,0.013380821428979495,0.12111143935702984,0.9029458971615288,-39.81890088044972
471,472.0,0.8547060648924956,3.0975695361849627,0.1913928153155413,0.40007140601690017,0.013380821428591545,0.12111143935527414,0.9029458971617068,-39.81890088065266
472,473.0,0.6119155972543934,8.676228717720383,0.19139295198196493,0.4000711862619472,0.013380821428621929,0.12111143935541165,0.9029458971613785,-39.81890088063677
473,474.0,0.8854559625455668,4.3178702458663585,0.19139285645301377,0.40007141760996784,0.013380821428571766,0.12111143935518462,0.902945897161709,-39.81890088066301
474,475.0,0.152148859451262,2.627296613116906,0.19139297343549333,0.40007113261056004,0.013380821428646572,0.12111143935552317,0.9029458971612155,-39.81890088062388
475,476.0,0.020880542531277246,1.8742104071752042,0.19139308868672272,0.40007083906712104,0.013380821428869677,0.12111143935653285,0.9029458971597492,-39.81890088050716
476,477.0,0.7310738316788135,0.889122325197433,0.19139285671520034,0.40007144352454854,0.013380821428571945,0.12111143935518545,0.9029458971617084,-39.818900880662916
477,478.0,0.9279420254756345,9.440897183684251,0.19139291565334443,0.4000712762557712,0.01338082142859164,0.12111143935527457,0.9029458971615788,-39.81890088065261
478,479.0,0.5387306836840796,5.96410531298656,0.19139292382555673,0.40007125545695976,0.01338082142859749,0.12111143935530105,0.9029458971615406,-39.81890088064956
479,480.0,0.33431669698753474,4.484204696339779,0.191392945487039,0.4000712023189555,0.013380821428615517,0.12111143935538263,0.9029458971614209,-39.81890088064012
480,481.0,0.2602318312657991,8.927378359461729,0.19139303730745563,0.40007097138026176,0.013380821428750411,0.12111143935599311,0.9029458971605304,-39.81890088056955
481,482.0,0.40768018038933684,2.2612980012317836,0.19139286340092587,0.4000714019946764,0.01338082142857231,0.1211114393551871,0.9029458971617057,-39.818900880662724
482,483.0,0.32060228561235316,0.8918352214150299,0.19139328551899482,0.40007184674008583,0.013380821431551927,0.12111143936867153,0.902945897160723,-39.81890087910398
483,484.0,0.362765975602233,1.7506189280033717,0.19139285636411393,0.4000714180989479,0.013380821428571759,0.1211114393551846,0.902945897161709,-39.818900880663016
484,485.0,0.1355786627533716,9.363727209060297,0.1913930780583915,0.40007086622511234,0.013380821428842797,0.1211114393564112,0.9029458971599257,-39.81890088052123
485,486.0,0.3818060189689517,4.954891681210524,0.19139294211523158,0.4000712110112695,0.013380821428612197,0.12111143935536761,0.9029458971614427,-39.818900880641856
486,487.0,0.19138866367006846,6.991974404525426,0.19139304218938746,0.40007095863916703,0.013380821428760622,0.12111143935603932,0.9029458971604638,-39.818900880564215
487,488.0,0.0373498133626623,5.642626765222091,0.19139310321288572,0.4000708018431815,0.013380821428908618,0.12111143935670907,0.9029458971594938,-39.81890088048679
488,489.0,0.023572904967490094,6.411692613461054,0.1913931129969631,0.40007077632277305,0.013380821428936875,0.12111143935683695,0.9029458971593096,-39.81890088047201
489,490.0,0.012470962390716989,9.688469551467499,0.1913931204411621,0.40007075634798034,0.013380821428959994,0.12111143935694159,0.9029458971591604,-39.818900880459914
490,491.0,0.6506023766800062,1.1870723624682675,0.19139307133599504,0.4000716787471155,0.01338082142942588,0.12111143935904997,0.9029458971613566,-39.81890088021619
491,492.0,0.1481155333892744,9.382496488393675,0.1913930744494674,0.40007087599482505,0.013380821428833262,0.12111143935636805,0.9029458971599871,-39.818900880526215
492,493.0,0.053968175656908146,1.7907258002996225,0.19139303435305943,0.4000709781968965,0.013380821428745297,0.12111143935596996,0.9029458971605654,-39.81890088057223
493,494.0,0.428299901315611,0.2970006650912331,0.19139285048439572,0.4000714318042389,0.013380821428571606,0.12111143935518391,0.9029458971617096,-39.818900880663094
494,495.0,0.5445797866279675,9.509989071696861,0.19139297502013042,0.40007112868217853,0.01338082142864857,0.12111143935553223,0.9029458971612023,-39.818900880622834
495,496.0,0.5705838369159634,9.855120195928123,0.19139297337213607,0.4000711325102315,0.013380821428646675,0.12111143935552363,0.9029458971612152,-39.81890088062382
496,497.0,0.22658537477516916,3.641024144832196,0.19139296606768572,0.4000711511782377,0.013380821428637474,0.12111143935548199,0.9029458971612756,-39.81890088062863
497,498.0,0.1515915975256219,9.098444468970632,0.19139307147083495,0.40007088301787014,0.013380821428826826,0.12111143935633892,0.9029458971600306,-39.81890088052958
498,499.0,0.3015189024852808,4.235827700582963,0.1913929506505107,0.4000711894054478,0.013380821428620668,0.12111143935540594,0.902945897161387,-39.81890088063743
499,500.0,0.7988318705968908,5.96493397251385,0.1913928842853026,0.4000713518256685,0.013380821428576882,0.12111143935520778,0.9029458971616764,-39.81890088066034
500,501.0,0.23771489379402133,2.3938715692093933,0.1913929138807162,0.4000712802198748,0.013380821428590674,0.1211114393552702,0.9029458971615855,-39.81890088065312
501,502.0,0.9386742854946803,3.701696002423278,0.1913925083617787,0.4000711330439279,0.013380821430365236,0.1211114393633011,0.902945897161217,-39.81890087972478
502,503.0,0.6690867165262928,1.7352319865034886,0.19139330448601813,0.4000718713510691,0.013380821431854333,0.12111143937004008,0.9029458971606037,-39.81890087894578
503,504.0,0.425004332265867,3.444188305249051,0.19139289218077069,0.4000713332568595,0.013380821428579593,0.12111143935522005,0.9029458971616584,-39.818900880658916
504,505.0,0.7435515677768147,4.782603787970942,0.19139287242358485,0.400071380311384,0.013380821428573775,0.12111143935519374,0.9029458971616965,-39.81890088066196
505,506.0,0.21589328199184388,6.939833954140243,0.19139303219404707,0.40007098426218973,0.013380821428740489,0.12111143935594819,0.902945897160596,-39.818900880574745
506,507.0,0.3930831861948779,2.7183578060835445,0.1913928786583538,0.40007136580561886,0.013380821428575157,0.12111143935519998,0.9029458971616875,-39.81890088066124
507,508.0,0.7788836292833085,1.0738515470411027,0.1913928874261375,0.40007148266906956,0.013380821428596703,0.12111143935529749,0.9029458971616932,-39.81890088064996
508,509.0,0.7799900885066422,3.4326329270139593,0.19139285304574566,0.40007142569405885,0.013380821428571643,0.12111143935518406,0.9029458971617096,-39.81890088066307
509,510.0,0.28790134147127466,1.3517487653064564,0.19139285504272416,0.4000714209697096,0.013380821428571714,0.1211114393551844,0.9029458971617093,-39.81890088066304
510,511.0,0.5292487059991244,4.988196754926816,0.19139290684554694,0.4000712970713577,0.013380821428586674,0.1211114393552521,0.9029458971616121,-39.818900880655214
511,512.0,0.4419792227879079,3.6337949297098,0.19139289347286317,0.4000713298885266,0.013380821428580186,0.12111143935522274,0.9029458971616546,-39.81890088065861
512,513.0,0.3124363061103057,4.573514877690431,0.19139295510172424,0.40007117817628385,0.013380821428625372,0.12111143935542723,0.902945897161356,-39.81890088063496
513,514.0,0.59991961066321,1.046026888917077,0.19139303241497338,0.4000716385499866,0.013380821429155535,0.12111143935782652,0.902945897161461,-39.81890088035762
514,515.0,0.9943196822960395,9.814965689284476,0.19139291199843675,0.4000712851995187,0.013380821428589396,0.12111143935526442,0.9029458971615937,-39.818900880653786
515,516.0,0.765912875998868,6.966961915817308,0.19139290345157434,0.4000713057109284,0.013380821428584763,0.12111143935524345,0.9029458971616244,-39.818900880656216
516,517.0,0.7557610793490342,7.674322626430666,0.1913929148269933,0.4000712779560737,0.013380821428591233,0.12111143935527273,0.9029458971615817,-39.818900880652826
517,518.0,0.3402878647483474,9.010139695115223,0.1913930157109286,0.40007102583667603,0.013380821428710379,0.12111143935581194,0.9029458971607948,-39.8189008805905
518,519.0,0.5462812137178941,9.756641696566666,0.19139297715903217,0.40007112338859246,0.01338082142865129,0.12111143935554453,0.9029458971611842,-39.81890088062141
519,520.0,0.6401529282495216,3.7198570589034925,0.19139286579666395,0.4000713962200111,0.013380821428572626,0.12111143935518853,0.9029458971617038,-39.81890088066256
520,521.0,0.5203002771621702,8.302158348092778,0.19139296488176352,0.400071153965918,0.013380821428636181,0.12111143935547615,0.9029458971612843,-39.818900880629315
521,522.0,0.9885802660713445,6.887533512789607,0.19139287853505052,0.4000713657925267,0.013380821428575185,0.12111143935520012,0.9029458971616875,-39.81890088066122
522,523.0,0.24679771524972438,0.968385776323575,0.19139252897452239,0.40007115161764356,0.013380821430155383,0.12111143936235139,0.9029458971612769,-39.81890087983456
523,524.0,0.11064352857367188,8.010550030905588,0.19139308025671312,0.40007086082310134,0.013380821428847962,0.12111143935643456,0.9029458971598913,-39.81890088051852
524,525.0,0.13560399752688057,7.641213121221959,0.19139306853834198,0.40007089083833264,0.01338082142881945,0.12111143935630554,0.9029458971600783,-39.818900880533434
525,526.0,0.06384389911687172,0.243440110877576,0.19139284892673805,0.4000714334602211,0.013380821428571664,0.12111143935518416,0.9029458971617096,-39.818900880663065
526,527.0,0.27557896484514444,1.396109142057643,0.1913928581336807,0.40007141368008153,0.013380821428571875,0.12111143935518512,0.9029458971617085,-39.81890088066295
527,528.0,0.7455339941740758,9.734416791776724,0.19139294264233248,0.4000712094293559,0.01338082142861283,0.12111143935537047,0.9029458971614387,-39.81890088064153
528,529.0,0.7263180283634517,1.8509377703314374,0.191393303284497,0.40007187396993144,0.013380821431857152,0.12111143937005285,0.9029458971605905,-39.8189008789443
529,530.0,0.36803361296240056,1.1789721135290905,0.1913931233790146,0.40007168449687286,0.01338082142971011,0.12111143936033629,0.9029458971613402,-39.8189008800675
530,531.0,0.1343309486051406,4.915283143421606,0.19139304196903792,0.40007095925625014,0.013380821428760119,0.12111143935603703,0.902945897160467,-39.81890088056448
531,532.0,0.7244398582148811,3.307904133289261,0.1913928540657269,0.4000714231983309,0.013380821428571681,0.12111143935518424,0.9029458971617095,-39.81890088066305
532,533.0,0.05765527416302574,9.745864158502771,0.19139310521824504,0.40007079625626635,0.013380821428914837,0.12111143935673722,0.9029458971594542,-39.81890088048354
533,534.0,0.1488627282281112,9.843287449932031,0.19139307605661887,0.4000708712125347,0.013380821428838023,0.12111143935638961,0.9029458971599573,-39.81890088052372
534,535.0,0.8311912341724793,4.081176262429661,0.1913928572631239,0.4000714159473594,0.01338082142857182,0.12111143935518487,0.9029458971617087,-39.81890088066299
535,536.0,0.5542214457627417,3.9164281745179297,0.19139287961754764,0.40007136302673313,0.013380821428575503,0.12111143935520154,0.9029458971616854,-39.818900880661054
536,537.0,0.5215144224556013,3.488611266445908,0.1913928752419498,0.40007137341682686,0.013380821428574406,0.12111143935519658,0.9029458971616926,-39.81890088066163
537,538.0,0.8160080383273562,7.745628503791795,0.19139290730649663,0.4000712959521321,0.013380821428586933,0.12111143935525326,0.9029458971616103,-39.81890088065508
538,539.0,0.7082623932943903,4.692313070489803,0.19139287440181116,0.4000713754426468,0.013380821428574228,0.12111143935519578,0.9029458971616937,-39.81890088066172
539,540.0,0.1965309772618603,7.0639711240666765,0.19139304086606948,0.40007096187198554,0.013380821428758061,0.12111143935602774,0.9029458971604809,-39.81890088056555
540,541.0,0.15731213579018866,3.290472748204747,0.1913929939652425,0.40007108129615543,0.013380821428674703,0.12111143935565047,0.9029458971610294,-39.81890088060916
541,542.0,0.9796282088870719,6.880950081944314,0.19139287993965154,0.40007136272921034,0.013380821428575503,0.12111143935520154,0.9029458971616853,-39.818900880661054
542,543.0,0.6418792126552896,9.47550975488802,0.19139295674924958,0.4000711744731539,0.013380821428626897,0.12111143935543414,0.9029458971613455,-39.81890088063417
543,544.0,0.6118039172240745,6.8361970330391415,0.19139292539369865,0.40007125184197684,0.013380821428598543,0.12111143935530581,0.9029458971615334,-39.818900880649004
544,545.0,0.7536175870737034,2.7314838837091164,0.19139281575609535,0.40007140438298333,0.013380821428591892,0.12111143935527571,0.9029458971617064,-39.818900880652485
545,546.0,0.5578010414266386,8.848130928518467,0.19139296419614427,0.4000711556582487,0.013380821428635403,0.12111143935547262,0.9029458971612895,-39.81890088062972
546,547.0,0.26961370011578756,7.978720078340864,0.19139302517045756,0.40007100160857084,0.013380821428727664,0.12111143935589017,0.9029458971606813,-39.81890088058145
547,548.0,0.6752117451109618,6.065123788090523,0.1913929020604446,0.40007130921796064,0.013380821428584017,0.12111143935524007,0.9029458971616293,-39.8189008806566
548,549.0,0.5251687036900887,7.700417254476651,0.19139295585413998,0.400071176800723,0.013380821428625888,0.12111143935542956,0.9029458971613521,-39.81890088063469
549,550.0,0.19603351247251555,9.514998493503818,0.19139306049507884,0.4000709118241904,0.013380821428800297,0.12111143935621886,0.9029458971602032,-39.81890088054346
550,551.0,0.6354981221269069,7.980266122685241,0.19139293772050459,0.400071221127619,0.013380821428608643,0.12111143935535153,0.9029458971614669,-39.81890088064372
551,552.0,0.28619066108971825,1.4123470460200769,0.19139285699884717,0.40007141635170274,0.013380821428571806,0.12111143935518481,0.9029458971617088,-39.818900880662994
552,553.0,0.959418857856985,2.0606642998561306,0.19139321749414698,0.4000718103165189,0.0133808214308117,0.1211114393653216,0.9029458971608876,-39.81890087949122
553,554.0,0.06898143469031426,3.9057163024292616,0.19139306858802985,0.4000708905982329,0.0133808214288197,0.12111143935630667,0.9029458971600769,-39.818900880533306
554,555.0,0.49623199997516654,4.274131592713823,0.19139289797670372,0.4000713193392422,0.01338082142858204,0.12111143935523114,0.9029458971616422,-39.81890088065764
555,556.0,0.5456280255721184,6.396488535648121,0.19139293105629038,0.4000712383213872,0.013380821428602727,0.12111143935532474,0.9029458971615054,-39.818900880646815
556,557.0,0.11505922492582343,5.472225892841882,0.1913930588992139,0.40007091533297295,0.013380821428797368,0.12111143935620561,0.9029458971602237,-39.81890088054499
557,558.0,0.6150172740161621,2.930407634122427,0.19139285573272738,0.40007141950905706,0.013380821428571726,0.12111143935518445,0.9029458971617093,-39.81890088066303
558,559.0,0.6882563139618828,2.1001028211657187,0.19139319987337064,0.4000717592251937,0.01338082143046331,0.12111143936374494,0.9029458971610929,-39.81890087967347
559,560.0,0.6240497639670346,5.588688431688632,0.19139290196871106,0.40007130935580415,0.013380821428584004,0.12111143935524002,0.9029458971616294,-39.81890088065661
560,561.0,0.5222896465440151,9.06395479433166,0.1913929746687272,0.4000711299690313,0.013380821428647839,0.1211114393555289,0.9029458971612067,-39.81890088062321
561,562.0,0.5770962092481088,7.741426336226524,0.19139294544959679,0.4000712021645853,0.013380821428615616,0.12111143935538309,0.9029458971614206,-39.818900880640065
562,563.0,0.8141121651508005,9.12302060324159,0.19139292550321663,0.4000712514522726,0.013380821428598665,0.12111143935530637,0.9029458971615327,-39.81890088064894
563,564.0,0.1153634671509065,3.262375262916876,0.1913930215599627,0.40007101098214437,0.013380821428720841,0.12111143935585929,0.9029458971607258,-39.81890088058502
564,565.0,0.3664559556315923,9.731896068734024,0.1913930158070181,0.400071025334768,0.01338082142871079,0.1211114393558138,0.9029458971607924,-39.81890088059028
565,566.0,0.8646085382076627,7.190055524371702,0.19139289394562822,0.40007132844237747,0.013380821428580447,0.12111143935522391,0.9029458971616531,-39.81890088065847
566,567.0,0.5172360946448673,6.990482036123166,0.1913929461480824,0.40007120046180145,0.013380821428616282,0.1211114393553861,0.9029458971614162,-39.81890088063972
567,568.0,0.4113881833923161,9.20020800307074,0.191393000120924,0.40007106561970124,0.013380821428684252,0.1211114393556937,0.9029458971609665,-39.81890088060416
568,569.0,0.44054729775367796,6.0342733503240105,0.19139294778160773,0.4000711965039534,0.013380821428617821,0.12111143935539306,0.9029458971614058,-39.81890088063892
569,570.0,0.025250575749037663,7.602299389544176,0.19139311451083318,0.40007077271289554,0.013380821428940827,0.12111143935685484,0.9029458971592831,-39.81890088046994
570,571.0,0.6178943222371293,2.1427926471331666,0.19139294448131416,0.4000715211741446,0.013380821428703098,0.12111143935577899,0.9029458971616613,-39.8189008805943
571,572.0,0.8292142195531002,6.676201941317228,0.19139289106123966,0.4000713355473245,0.013380821428579265,0.12111143935521856,0.9029458971616608,-39.818900880659086
572,573.0,0.383383381614924,4.908062060494367,0.19139294043644753,0.4000712147412188,0.01338082142861088,0.12111143935536166,0.9029458971614518,-39.818900880642545
573,574.0,0.13535981681692633,6.9235764407407965,0.19139306360880345,0.40007090393318484,0.013380821428807343,0.12111143935625075,0.9029458971601568,-39.81890088053977
574,575.0,0.17477549078588717,5.930370026328043,0.19139303641204952,0.40007097339723696,0.013380821428748893,0.12111143935598623,0.902945897160541,-39.81890088057035
575,576.0,0.2607326360860066,1.1342288315785416,0.19139285237725717,0.40007142693594366,0.013380821428571632,0.12111143935518404,0.9029458971617097,-39.81890088066308
576,577.0,0.13939841932422858,0.8113546685842355,0.19139286585467608,0.4000713957533049,0.013380821428572671,0.12111143935518874,0.9029458971617036,-39.81890088066254
577,578.0,0.45450982682616914,7.014362248153984,0.19139296093855102,0.40007116361797257,0.013380821428631765,0.12111143935545617,0.9029458971613137,-39.818900880631624
578,579.0,0.526782219897608,5.9760110941280224,0.19139292711129607,0.4000712477366084,0.013380821428599785,0.12111143935531145,0.9029458971615252,-39.81890088064835
579,580.0,0.6681319315161007,4.9268991183601285,0.19139288341700966,0.4000713542975095,0.013380821428576531,0.12111143935520621,0.9029458971616786,-39.818900880660514
580,581.0,0.9849594317510916,8.320448852829305,0.1913928961634078,0.40007132345981367,0.013380821428581288,0.12111143935522772,0.9029458971616474,-39.81890088065803
581,582.0,0.8143003076925052,3.298546931306485,0.1913923933480987,0.40007103373219327,0.013380821431753091,0.12111143936958191,0.9029458971608303,-39.81890087899875
582,583.0,0.44877991027312136,1.91735394486721,0.19139285252858768,0.40007142681978247,0.01338082142857163,0.12111143935518404,0.9029458971617097,-39.81890088066308
583,584.0,0.07061938613801344,6.843296272257753,0.1913930912268348,0.400070832688079,0.013380821428876146,0.12111143935656211,0.9029458971597064,-39.818900880503776
584,585.0,0.7961063685186927,6.577862310163312,0.19139289431452403,0.4000713281955857,0.013380821428580443,0.12111143935522391,0.9029458971616529,-39.81890088065847
585,586.0,0.6000078325332494,5.98536998958595,0.1913929128662085,0.40007128270144643,0.01338082142859005,0.12111143935526737,0.9029458971615896,-39.818900880653445
586,587.0,0.010474860758650673,8.967802014346692,0.19139312120279917,0.4000707545532564,0.013380821428962025,0.12111143935695078,0.9029458971591466,-39.818900880458855
587,588.0,0.08460553532077952,3.531291729467464,0.19139305129385728,0.4000709353206538,0.013380821428779926,0.12111143935612668,0.9029458971603371,-39.81890088055411
588,589.0,0.6221737454109493,6.334787290939798,0.1913929156196111,0.4000712762867437,0.013380821428591639,0.12111143935527457,0.9029458971615789,-39.81890088065261
589,590.0,0.9998012018012638,7.949604241016374,0.19139289022976674,0.40007133790481464,0.013380821428578871,0.12111143935521679,0.9029458971616632,-39.81890088065929
590,591.0,0.7683223376107865,3.1530005937887564,0.19139285135395454,0.4000714296010421,0.013380821428571622,0.12111143935518397,0.9029458971617096,-39.81890088066309
591,592.0,0.8940526179549322,4.9585079586904754,0.19139286265665,0.4000714031563662,0.013380821428572269,0.12111143935518691,0.9029458971617061,-39.818900880662746
592,593.0,0.9708869059697501,1.9221108520809902,0.1913931462358216,0.4000717484280121,0.013380821430062336,0.1211114393619303,0.9029458971611325,-39.81890087988324
593,594.0,0.38692813054891495,8.014105004531121,0.19139299269842538,0.4000710841688245,0.013380821428673062,0.12111143935564306,0.9029458971610406,-39.818900880610016
594,595.0,0.48494903996794625,9.083440392393939,0.1913929820519623,0.40007111096415277,0.013380821428657918,0.12111143935557452,0.9029458971611406,-39.81890088061794
595,596.0,0.5932261163954796,7.313745479586628,0.19139293589657924,0.400071225764245,0.013380821428606998,0.12111143935534409,0.9029458971614777,-39.818900880644584
596,597.0,0.35438988949164874,3.185257947247078,0.19139290216327762,0.400071309111145,0.013380821428584034,0.12111143935524016,0.9029458971616291,-39.81890088065659
597,598.0,0.6334822089800128,7.277388772379158,0.19139292823945764,0.40007124489556534,0.013380821428600684,0.1211114393553155,0.9029458971615193,-39.81890088064788
598,599.0,0.6378965837936387,0.6472738440231396,0.19139284608723586,0.40007143005439477,0.01338082142857216,0.12111143935518641,0.9029458971617097,-39.8189008806628
599,600.0,0.43350336995362315,6.718236791334962,0.191392961668118,0.4000711619860978,0.013380821428632474,0.12111143935545937,0.9029458971613088,-39.818900880631254
600,601.0,0.010476436370823516,2.334658706701467,0.1913931105893281,0.40007078290718506,0.013380821428929369,0.12111143935680298,0.9029458971593578,-39.81890088047593
601,602.0,0.8723933645297107,5.0954120698911956,0.19139286619755383,0.4000713950224323,0.013380821428572711,0.12111143935518891,0.9029458971617033,-39.81890088066252
602,603.0,0.03619675080318463,1.2727661784451778,0.19139303946763778,0.40007096588539043,0.013380821428754738,0.12111143935601268,0.902945897160502,-39.81890088056729
603,604.0,0.3343024962056719,9.039794678944864,0.1913930174090751,0.40007102141812784,0.013380821428713472,0.12111143935582594,0.9029458971607746,-39.818900880588885
604,605.0,0.3652221154315989,6.61206427490683,0.1913929787970632,0.4000711193530167,0.013380821428653378,0.12111143935555398,0.9029458971611704,-39.81890088062032
605,606.0,0.675017604519744,5.165162185074868,0.19139288645056063,0.40007134674920697,0.013380821428577558,0.12111143935521085,0.902945897161672,-39.81890088065998
606,607.0,0.6872464599209189,7.66615738531102,0.19139292492023577,0.4000712529590228,0.0133808214285982,0.12111143935530426,0.9029458971615357,-39.81890088064918
607,608.0,0.43175222894781884,7.59849367469297,0.1913929753837207,0.4000711274996739,0.013380821428649207,0.1211114393555351,0.9029458971611984,-39.8189008806225
608,609.0,0.7018329881049769,6.883820486792551,0.1913929111294187,0.4000712868225643,0.01338082142858904,0.12111143935526282,0.9029458971615963,-39.81890088065398
609,610.0,0.5627679360871198,2.145300845849192,0.1913926412193916,0.4000712507666778,0.013380821429246442,0.12111143935823793,0.9029458971615313,-39.81890088031006
610,611.0,0.19261042941329976,8.610877917650885,0.19139305539076001,0.4000709247674053,0.013380821428788986,0.12111143935616768,0.9029458971602777,-39.81890088054938
611,612.0,0.07620185763614307,4.571334557268219,0.1913930717816535,0.4000708824706976,0.013380821428827254,0.12111143935634086,0.9029458971600273,-39.818900880529355
612,613.0,0.27358811547354733,3.343503230943917,0.19139293485831074,0.4000712283311196,0.013380821428606115,0.12111143935534009,0.9029458971614834,-39.81890088064504
613,614.0,0.7401812300048829,2.4957027864203134,0.19139301519671745,0.4000715861207999,0.013380821428983346,0.12111143935704727,0.9029458971615696,-39.8189008804477
614,615.0,0.8240949828578168,1.4657513626353367,0.19139304957910527,0.400071655404451,0.013380821429266259,0.1211114393583276,0.9029458971614194,-39.818900880299694
615,616.0,0.1415964012371037,9.08498656368458,0.19139307480664797,0.4000708746553097,0.013380821428834663,0.12111143935637439,0.9029458971599789,-39.818900880525476
616,617.0,0.9096988096160619,0.1909289393433496,0.1913928496469968,0.4000714339648578,0.013380821428571592,0.12111143935518386,0.9029458971617096,-39.8189008806631
617,618.0,0.45604517775589326,7.890064033476566,0.19139297392359772,0.4000711315534614,0.013380821428647072,0.12111143935552544,0.902945897161212,-39.818900880623616
618,619.0,0.30320127714827805,4.072165692727091,0.19139294569311077,0.40007120180012207,0.01338082142861573,0.1211114393553836,0.9029458971614196,-39.818900880640015
619,620.0,0.8112328228420096,3.7776927488441925,0.19139285486933766,0.40007142151917363,0.013380821428571686,0.12111143935518429,0.9029458971617095,-39.81890088066305
620,621.0,0.4083565917833164,7.814962765560972,0.19139298403795282,0.4000711054508149,0.013380821428661037,0.12111143935558864,0.9029458971611206,-39.81890088061631
621,622.0,0.7230103495881558,3.3185944625378223,0.1913928545191734,0.4000714224004576,0.013380821428571674,0.12111143935518422,0.9029458971617095,-39.81890088066306
622,623.0,0.6265376230790574,6.730767797879431,0.1913929208834763,0.4000712631874955,0.013380821428595209,0.12111143935529073,0.9029458971615554,-39.81890088065075
623,624.0,0.4687395557399554,6.952799644845647,0.19139295733417178,0.4000711731123018,0.01338082142862749,0.1211114393554368,0.9029458971613414,-39.818900880633855
624,625.0,0.6653659217541639,9.147613545723713,0.1913929486396164,0.4000711945450523,0.013380821428618572,0.12111143935539646,0.9029458971614007,-39.81890088063852
625,626.0,0.07255550469755256,5.3964066303353775,0.1913930812979313,0.40007085809241305,0.013380821428850654,0.12111143935644675,0.9029458971598737,-39.81890088051711
626,627.0,0.11260382607339292,1.1517185008844444,0.19139291556492868,0.4000712759600022,0.013380821428591766,0.12111143935527514,0.9029458971615784,-39.81890088065255
627,628.0,0.058525337934202115,7.499015155185386,0.19139309874832483,0.40007081267533845,0.01338082142889725,0.12111143935665764,0.9029458971595699,-39.818900880492734
628,629.0,0.9076954785874128,4.923342105269087,0.1913928614943334,0.4000714059998771,0.013380821428572146,0.12111143935518635,0.9029458971617068,-39.81890088066281
629,630.0,0.5894322178035066,3.532673861991516,0.1913928675149919,0.40007139183358736,0.013380821428572916,0.12111143935518984,0.902945897161702,-39.818900880662405
630,631.0,0.7768362583218467,7.074449398996281,0.19139290371666792,0.40007130536078267,0.013380821428584816,0.1211114393552437,0.902945897161624,-39.81890088065618
631,632.0,0.055762969755002945,0.04071749299596998,0.19139284879763518,0.4000714343024279,0.01338082142857164,0.12111143935518406,0.9029458971617096,-39.81890088066308
632,633.0,0.11717633365971525,1.9316740859988746,0.19139296839003653,0.4000711452304068,0.013380821428640341,0.12111143935549497,0.9029458971612567,-39.81890088062713
633,634.0,0.9382507853541618,1.8798582291822732,0.19139315684258068,0.4000717586193118,0.013380821430167918,0.1211114393624081,0.9029458971610951,-39.818900879828
634,635.0,0.1641910885517729,9.324392373838526,0.19139306909338483,0.4000708897227341,0.013380821428820366,0.12111143935630969,0.9029458971600717,-39.81890088053296
635,636.0,0.7770004804783208,5.075056821706213,0.19139287343630645,0.4000713778627726,0.013380821428573997,0.12111143935519474,0.9029458971616952,-39.81890088066184
636,637.0,0.3748901117809894,8.530639325645897,0.19139300183233318,0.40007106124756353,0.013380821428687002,0.12111143935570613,0.9029458971609484,-39.818900880602726
637,638.0,0.8410067467806681,5.76964369800345,0.19139287708445307,0.4000713690636278,0.01338082142857485,0.1211114393551986,0.9029458971616897,-39.8189008806614
638,639.0,0.005592687081542036,0.9988939093502704,0.19139310599544904,0.40007079394251277,0.013380821428917482,0.1211114393567492,0.9029458971594375,-39.818900880482154
639,640.0,0.8705510969825104,3.8746203727681685,0.1913928535659782,0.40007142469635165,0.013380821428571643,0.12111143935518406,0.9029458971617096,-39.81890088066307
640,641.0,0.09121116615930724,2.959995295602914,0.1913930334448484,0.40007098129317753,0.013380821428742704,0.12111143935595822,0.902945897160581,-39.81890088057359
641,642.0,0.3440647065636121,9.289808602371142,0.19139301761066188,0.40007102116414667,0.013380821428713597,0.12111143935582651,0.9029458971607733,-39.818900880588814
642,643.0,0.4517685311702083,0.17230864184125852,0.19139284970751028,0.40007143379963445,0.013380821428571598,0.12111143935518387,0.9029458971617095,-39.818900880663094
643,644.0,0.7042711828259669,7.153800558574591,0.19139291517762314,0.40007127739541704,0.013380821428591339,0.12111143935527321,0.9029458971615808,-39.81890088065277
644,645.0,0.49009715658804476,8.944486516123984,0.19139297954305742,0.4000711173424147,0.013380821428654478,0.12111143935555896,0.9029458971611632,-39.818900880619736
645,646.0,0.5673594842281986,1.5355293063485187,0.19139329688148624,0.40007186096242253,0.013380821431728585,0.121111439369471,0.9029458971606549,-39.818900879011565
646,647.0,0.26864427312889816,8.8900214242784,0.19139303461486898,0.4000709781582194,0.01338082142874516,0.12111143935596934,0.9029458971605652,-39.8189008805723
647,648.0,0.821594329139053,8.635578836606964,0.19139291870132136,0.40007126874581495,0.013380821428593639,0.12111143935528361,0.9029458971615656,-39.81890088065157
648,649.0,0.2216893774887977,2.4470439066230445,0.1913929241463833,0.40007125507312913,0.013380821428597566,0.1211114393553014,0.9029458971615398,-39.81890088064951
649,650.0,0.8270057780632949,3.493059971008988,0.19139285162888797,0.4000714286807151,0.013380821428571638,0.12111143935518405,0.9029458971617096,-39.81890088066308
650,651.0,0.1029145421039328,8.402149231175292,0.19139308547468803,0.4000708478122456,0.013380821428860693,0.1211114393564922,0.902945897159807,-39.81890088051186
651,652.0,0.08081251303980441,5.785227974465895,0.1913930802385074,0.4000708613409703,0.013380821428847315,0.12111143935643165,0.9029458971598945,-39.81890088051886
652,653.0,0.7068646186451218,5.852324979249114,0.19139289419641609,0.4000713281949838,0.013380821428580453,0.12111143935522395,0.9029458971616529,-39.81890088065846
653,654.0,0.8160392086854099,6.619649170428051,0.1913928920157611,0.40007133363356584,0.01338082142857953,0.12111143935521979,0.9029458971616589,-39.81890088065895
654,655.0,0.5912910747550044,1.5744268983977552,0.1913933014670096,0.40007186614917195,0.013380821431798372,0.12111143936978684,0.9029458971606295,-39.81890087897505
655,656.0,0.8785544321013565,5.430029256374177,0.1913928697462235,0.4000713864177649,0.013380821428573301,0.12111143935519159,0.9029458971616997,-39.818900880662206
656,657.0,0.3455807593403222,3.0889817481226296,0.19139290169441583,0.4000713100392641,0.013380821428583862,0.12111143935523937,0.9029458971616304,-39.81890088065668
657,658.0,0.6509173475855532,0.3229014037593829,0.19139283917469127,0.4000714523182897,0.013380821428572115,0.12111143935518622,0.9029458971617065,-39.81890088066283
658,659.0,0.2639966404719106,3.2210140686638806,0.1913929350950875,0.4000712281678534,0.01338082142860613,0.12111143935534015,0.902945897161483,-39.81890088064503
659,660.0,0.2114836093923631,7.513784153311489,0.19139303955646605,0.4000709649915912,0.013380821428755626,0.1211114393560167,0.9029458971604973,-39.81890088056683
660,661.0,0.43694440090945164,8.003085985687973,0.19139298032575408,0.4000711156003125,0.013380821428655362,0.12111143935556296,0.9029458971611571,-39.818900880619275
661,662.0,0.8458188941525077,0.04298177465561404,0.19139285144430368,0.4000714311022106,0.01338082142857156,0.1211114393551837,0.9029458971617096,-39.818900880663115
662,663.0,0.24559052939157544,3.764578147098966,0.19139296065642986,0.4000711646829192,0.013380821428631241,0.1211114393554538,0.9029458971613168,-39.8189008806319
663,664.0,0.13605440952330716,2.19053734538016,0.19139296605743572,0.4000711512419381,0.013380821428637448,0.12111143935548188,0.9029458971612757,-39.81890088062865
664,665.0,0.03211297504922128,9.832924459016505,0.19139311405140835,0.40007077342891306,0.013380821428940192,0.12111143935685198,0.9029458971592884,-39.818900880470274
665,666.0,0.4109169484969495,4.71263824531315,0.19139292858311022,0.40007124434288127,0.013380821428600802,0.12111143935531604,0.9029458971615183,-39.81890088064782
666,667.0,0.5748512461525559,9.167197431677673,0.1913929649784754,0.4000711539012048,0.013380821428636195,0.12111143935547622,0.902945897161284,-39.81890088062931
667,668.0,0.8484110053683234,6.195187854069073,0.1913928825952748,0.40007135608620004,0.01338082142857632,0.12111143935520526,0.9029458971616801,-39.81890088066063
668,669.0,0.702562319895973,9.05156540161254,0.19139294113931193,0.40007121321552946,0.013380821428611415,0.12111143935536406,0.902945897161448,-39.81890088064227
669,670.0,0.4324050147335481,0.12521147320399556,0.19139284805229345,0.40007143655048455,0.013380821428571648,0.1211114393551841,0.9029458971617094,-39.81890088066307
670,671.0,0.8107685517461541,6.738058523708227,0.19139289415368665,0.4000713281898204,0.013380821428580473,0.12111143935522403,0.9029458971616529,-39.81890088065846
671,672.0,0.6413771390693667,2.0068119949855996,0.19139316315078023,0.4000717234599237,0.013380821430078382,0.1211114393620029,0.9029458971612191,-39.818900879874846
672,673.0,0.8650699302988278,7.505824221712187,0.19139289869103893,0.4000713174257198,0.013380821428582395,0.12111143935523273,0.90294589716164,-39.81890088065745
673,674.0,0.5770710524561886,6.1577219521867415,0.19139292022167112,0.40007126472275834,0.013380821428594794,0.12111143935528887,0.9029458971615582,-39.81890088065096
674,675.0,0.17418169356229063,7.812578804997955,0.19139305555125805,0.40007092434107255,0.013380821428789358,0.12111143935616936,0.9029458971602754,-39.81890088054918
675,676.0,0.037498145533739646,8.935511068953842,0.1913931111922887,0.4000707809101091,0.013380821428931754,0.12111143935681379,0.9029458971593433,-39.818900880474686
676,677.0,0.6966827364447384,9.309566283004957,0.19139294473250584,0.4000712037480034,0.013380821428615046,0.12111143935538049,0.9029458971614245,-39.81890088064036
677,678.0,0.935430974768935,3.486646243239932,0.19139272247810032,0.4000713222126114,0.013380821428827211,0.12111143935634067,0.9029458971616459,-39.81890088052938
678,679.0,0.8794930789645881,7.320677319529781,0.1913928948102953,0.4000713267637978,0.01338082142858072,0.12111143935522517,0.9029458971616511,-39.818900880658326
679,680.0,0.5322167897798389,6.099426365701584,0.19139292847908482,0.4000712445994769,0.013380821428600724,0.12111143935531568,0.9029458971615187,-39.81890088064787
680,681.0,0.2947888058971808,0.5282579817555833,0.19139284840131154,0.40007143647983645,0.013380821428571641,0.12111143935518406,0.9029458971617093,-39.81890088066308
681,682.0,0.1275189271739008,2.796776554567951,0.1913929983868492,0.40007106976704127,0.013380821428681754,0.1211114393556824,0.9029458971609833,-39.81890088060547
682,683.0,0.5364450449096511,7.709344165062805,0.1913929537549792,0.40007118202122394,0.013380821428623681,0.12111143935541957,0.9029458971613666,-39.81890088063585
683,684.0,0.26209605560270066,9.559895017210412,0.19139304201875199,0.40007095912732643,0.01338082142876022,0.12111143935603749,0.9029458971604665,-39.81890088056442
684,685.0,0.16058651077735409,5.9384396025498205,0.1913930424229537,0.40007095771851076,0.013380821428761453,0.12111143935604307,0.9029458971604589,-39.818900880563774
685,686.0,0.6326524951575716,4.974103307562755,0.19139288895346027,0.40007134070809536,0.013380821428578452,0.1211114393552149,0.9029458971616661,-39.81890088065951
686,687.0,0.29039374786561845,1.7326306962016345,0.19139286748218504,0.4000713920038812,0.013380821428572899,0.12111143935518975,0.9029458971617021,-39.81890088066242
687,688.0,0.5446328702806857,0.7580619953470957,0.19139289099695694,0.4000714868468267,0.013380821428601834,0.12111143935532072,0.9029458971616905,-39.81890088064728
688,689.0,0.2522593189301058,1.8292428180019173,0.1913928821530909,0.4000713575211188,0.013380821428576113,0.12111143935520431,0.9029458971616813,-39.818900880660735
689,690.0,0.8542817516236059,9.026547132894759,0.1913929192175783,0.4000712671145051,0.013380821428594118,0.12111143935528579,0.9029458971615627,-39.81890088065131
690,691.0,0.2686966647930178,3.5682098664832314,0.19139294434736087,0.40007120500426174,0.013380821428614534,0.12111143935537819,0.9029458971614276,-39.81890088064064
691,692.0,0.8620733562370569,7.493927748980502,0.19139289880799676,0.4000713171060183,0.013380821428582471,0.12111143935523308,0.9029458971616395,-39.81890088065741
692,693.0,0.5360459189077684,9.520103613888036,0.19139297679125275,0.40007112449531756,0.013380821428650685,0.12111143935554179,0.902945897161188,-39.818900880621726
693,694.0,0.39513805776515265,7.9821088667084785,0.19139298982396527,0.40007109131680546,0.013380821428668923,0.12111143935562431,0.9029458971610681,-39.81890088061218
694,695.0,0.9871509197547249,5.120416474623449,0.19139285966891917,0.4000714105493455,0.013380821428571972,0.12111143935518556,0.9029458971617078,-39.8189008806629
695,696.0,0.997688034514464,0.3934118392758879,0.19139284963829997,0.4000714652255698,0.013380821428573272,0.12111143935519145,0.9029458971617021,-39.81890088066222
696,697.0,0.45758859423302056,0.19250175738681982,0.19139284855359748,0.40007143570253323,0.013380821428571641,0.12111143935518406,0.9029458971617094,-39.81890088066308
697,698.0,0.9911022353826017,6.699456052199513,0.19139287633235705,0.4000713709304086,0.01338082142857465,0.12111143935519769,0.9029458971616909,-39.8189008806615
698,699.0,0.7435141434317354,1.4427348954014867,0.19139312763051541,0.40007173178197486,0.013380821429890066,0.12111143936115067,0.902945897161191,-39.81890087997336
699,700.0,0.890562304807701,5.7310493580374535,0.19139287235932967,0.4000713802615547,0.01338082142857379,0.12111143935519379,0.9029458971616965,-39.81890088066195
700,701.0,0.47698986983601954,1.6091325293262395,0.19139301450135648,0.40007158443558744,0.013380821428977856,0.12111143935702241,0.9029458971615725,-39.81890088045057
701,702.0,0.09539782189896673,9.931292091262499,0.19139309334558313,0.40007082704741126,0.013380821428882023,0.12111143935658872,0.9029458971596684,-39.8189008805007
702,703.0,0.6757412306024858,3.3737249985902755,0.19139285772528974,0.4000714149564243,0.013380821428571825,0.1211114393551849,0.9029458971617087,-39.81890088066298
703,704.0,0.6104141789983449,9.988747184775077,0.19139296772096,0.4000711469173241,0.013380821428639526,0.12111143935549128,0.9029458971612622,-39.81890088062757
704,705.0,0.295791547474065,7.705272152486042,0.1913930143664598,0.40007102918951076,0.013380821428708091,0.1211114393558016,0.9029458971608099,-39.81890088059169
705,706.0,0.6598078573298185,9.493161419411225,0.19139295424879987,0.40007118097599864,0.013380821428624103,0.12111143935542149,0.9029458971613638,-39.81890088063563
706,707.0,0.017355844776195672,1.333562886032921,0.19139308300876823,0.40007085402885356,0.013380821428854548,0.12111143935646439,0.9029458971598475,-39.81890088051507
707,708.0,0.8598297881843879,8.363812649459854,0.19139290971350964,0.40007129002272124,0.013380821428588294,0.12111143935525943,0.9029458971616015,-39.81890088065436
708,709.0,0.8053054155173185,4.66515345182098,0.19139286525618918,0.400071397192219,0.013380821428572574,0.1211114393551883,0.9029458971617043,-39.81890088066259
709,710.0,0.8159089264174106,6.733496388804494,0.19139289409230842,0.40007132866391476,0.013380821428580372,0.12111143935522359,0.9029458971616533,-39.81890088065851
710,711.0,0.9917445724876776,2.7991434041147545,0.1913932772896538,0.4000718368584786,0.013380821431429235,0.12111143936811629,0.9029458971607693,-39.81890087916817
711,712.0,0.17100611272090527,8.993336359980335,0.19139306498162725,0.40007090024030356,0.013380821428810724,0.12111143935626606,0.902945897160135,-39.818900880537996
712,713.0,0.7191595233058231,6.330948879377529,0.19139289999399353,0.40007131414775915,0.013380821428583052,0.12111143935523572,0.9029458971616358,-39.818900880657104
713,714.0,0.9847392006566814,3.058875058340579,0.19139317467586567,0.40007173401632706,0.013380821430191972,0.12111143936251698,0.9029458971611832,-39.818900879815416
714,715.0,0.9609344243812229,5.229397153052011,0.19139286155888324,0.40007140567724164,0.013380821428572175,0.12111143935518649,0.9029458971617067,-39.818900880662795
715,716.0,0.9583243729701044,9.878607621234496,0.19139291662819335,0.40007127371305595,0.013380821428592328,0.12111143935527767,0.9029458971615744,-39.81890088065225
716,717.0,0.09427051798413122,0.4638569776097083,0.1913928476554808,0.40007143682829155,0.013380821428571683,0.12111143935518426,0.9029458971617093,-39.81890088066305
717,718.0,0.8397461872398825,7.072160284655155,0.19139289550285438,0.40007132497290554,0.013380821428581031,0.12111143935522657,0.9029458971616491,-39.81890088065816
718,719.0,0.5330493694691002,3.264785947877679,0.1913928691849912,0.4000713881821354,0.013380821428573157,0.12111143935519093,0.9029458971617005,-39.818900880662284
719,720.0,0.14194135962564025,7.889968723819969,0.19139306752349722,0.4000708932349569,0.013380821428817283,0.12111143935629573,0.902945897160093,-39.81890088053457
720,721.0,0.07210438637666727,7.502998890861711,0.19139309354083056,0.4000708268222275,0.013380821428882144,0.12111143935658926,0.902945897159667,-39.81890088050064
721,722.0,0.7268444067088223,0.5802336465531335,0.19139284833092096,0.4000714339284806,0.013380821428571705,0.12111143935518436,0.9029458971617095,-39.81890088066304
722,723.0,0.0062086069191065185,0.19008218799660528,0.19139285050093474,0.40007143221270525,0.013380821428571589,0.12111143935518384,0.9029458971617096,-39.8189008806631
723,724.0,0.8621116829987266,7.506060066429929,0.19139289887806554,0.40007131692603637,0.013380821428582509,0.12111143935523326,0.9029458971616393,-39.81890088065739
724,725.0,0.696008499694758,0.4588016725837556,0.1913928483777057,0.40007143649907956,0.013380821428571629,0.12111143935518401,0.9029458971617093,-39.81890088066309
725,726.0,0.43285321066458704,4.2519651838450345,0.19139291140756212,0.4000712865970536,0.013380821428589052,0.12111143935526288,0.902945897161596,-39.81890088065397
726,727.0,0.10357167812832924,0.25191827853225457,0.19139284943877524,0.40007143402772694,0.013380821428571619,0.12111143935518397,0.9029458971617095,-39.818900880663094
727,728.0,0.6763300755004533,9.690990288164517,0.1913929531696512,0.4000711834528758,0.013380821428623074,0.12111143935541684,0.9029458971613707,-39.81890088063617
728,729.0,0.9707232947352671,9.960905175707573,0.19139291590014923,0.40007127534929926,0.013380821428591908,0.1211114393552758,0.9029458971615772,-39.81890088065247
729,730.0,0.9372840847189667,2.320260863332465,0.19139329856979892,0.40007187186394905,0.013380821431801915,0.12111143936980287,0.9029458971606011,-39.818900878973196
730,731.0,0.20702054923029434,5.917027421915678,0.19139302221759577,0.40007100919177896,0.013380821428722147,0.1211114393558652,0.9029458971607175,-39.818900880584344
731,732.0,0.9346724019031581,4.5644324436885,0.19139285691196228,0.4000714166790976,0.013380821428571797,0.12111143935518479,0.9029458971617088,-39.818900880662994
732,733.0,0.15846731928174573,6.508127062313501,0.19139304959467957,0.40007093925926124,0.013380821428776725,0.12111143935611218,0.9029458971603589,-39.81890088055579
733,734.0,0.5141040417880326,9.601519267442276,0.19139298184857706,0.40007111119508754,0.013380821428657838,0.12111143935557417,0.9029458971611415,-39.81890088061798
734,735.0,0.6878827315812353,9.181482214536514,0.1913929454059473,0.40007120260803647,0.013380821428615412,0.12111143935538214,0.9029458971614216,-39.81890088064018
735,736.0,0.692934998945499,6.441624017328975,0.1913929055498425,0.4000713006703903,0.013380821428585824,0.12111143935524825,0.9029458971616174,-39.818900880655654
736,737.0,0.0071125917944613315,8.558863256992247,0.19139312268210462,0.4000707511297541,0.013380821428965855,0.12111143935696811,0.9029458971591207,-39.818900880456845
737,738.0,0.1365695253932956,6.876599972211918,0.19139306270303855,0.4000709062396748,0.013380821428805265,0.12111143935624136,0.9029458971601705,-39.81890088054086
738,739.0,0.5449164344230193,9.275366815129352,0.19139297206594005,0.40007113616705614,0.013380821428644775,0.12111143935551504,0.9029458971612272,-39.81890088062482
739,740.0,0.9058488420990001,5.283825992926849,0.1913928655952598,0.4000713962317731,0.013380821428572652,0.12111143935518864,0.9029458971617037,-39.81890088066255
740,741.0,0.4886110077524487,0.06892881951195971,0.19139284956113628,0.40007143398131373,0.013380821428571613,0.12111143935518395,0.9029458971617095,-39.818900880663094
741,742.0,0.5671639689543125,8.946979961584763,0.19139296382215057,0.4000711565872168,0.013380821428634969,0.12111143935547065,0.9029458971612924,-39.81890088062995
742,743.0,0.3771785123309134,8.015534348389112,0.19139299460350906,0.40007107892988303,0.013380821428676264,0.12111143935565755,0.90294589716102,-39.81890088060834
743,744.0,0.7731339245852862,3.6942889537161125,0.1913928558893139,0.40007141922675693,0.013380821428571731,0.12111143935518447,0.9029458971617091,-39.81890088066303
744,745.0,0.33632327603614687,4.795867041961394,0.19139295251394345,0.40007118497123845,0.013380821428622474,0.1211114393554141,0.9029458971613749,-39.81890088063648
745,746.0,0.8781347773947786,4.91350494175961,0.19139286351112283,0.40007140146995895,0.01338082142857235,0.12111143935518728,0.9029458971617055,-39.8189008806627
746,747.0,0.22478764524087935,3.704040389822029,0.19139296860930383,0.4000711448616441,0.013380821428640489,0.12111143935549565,0.9029458971612556,-39.81890088062706
747,748.0,0.9463601102816093,3.606601646875572,0.1913926421647969,0.40007125160658574,0.013380821429240408,0.12111143935821062,0.902945897161533,-39.81890088031322
748,749.0,0.4503762408003713,7.3543552791365965,0.19139296755416776,0.40007114741399,0.013380821428639271,0.12111143935549012,0.9029458971612637,-39.818900880627695
749,750.0,0.21791618358399545,8.328177429269049,0.1913930449689115,0.4000709513864656,0.013380821428766558,0.12111143935606618,0.9029458971604252,-39.81890088056111
750,751.0,0.40435256903581074,9.80712421963857,0.19139300771711146,0.40007104612913025,0.013380821428696734,0.12111143935575018,0.9029458971608846,-39.81890088059764
751,752.0,0.9047458465298737,4.576997365371599,0.19139285786916332,0.40007141420101894,0.01338082142857187,0.1211114393551851,0.9029458971617086,-39.81890088066295
752,753.0,0.9884744546342498,5.903691495715215,0.19139286759193008,0.4000713919785447,0.013380821428572876,0.12111143935518966,0.9029458971617021,-39.81890088066243
753,754.0,0.9530017312904816,0.1453694081357236,0.19139284734926731,0.40007143974677595,0.013380821428571643,0.12111143935518406,0.9029458971617089,-39.81890088066307
754,755.0,0.13478570635334297,2.5968155474871666,0.19139298453743114,0.4000711041934566,0.013380821428661724,0.12111143935559174,0.9029458971611162,-39.81890088061595
755,756.0,0.8284954303837643,0.9159471204387034,0.1913928472973914,0.400071433434922,0.013380821428571815,0.12111143935518486,0.9029458971617096,-39.81890088066299
756,757.0,0.08776527606784978,7.075946832089162,0.19139308454120948,0.4000708496133889,0.013380821428859095,0.12111143935648497,0.9029458971598188,-39.81890088051269
757,758.0,0.48618644598836724,2.838927044808522,0.19139286624513505,0.4000713953212951,0.013380821428572668,0.12111143935518871,0.9029458971617035,-39.81890088066254
758,759.0,0.6747422740129533,4.161782114016539,0.1913928697769708,0.40007138694716354,0.013380821428573237,0.1211114393551913,0.9029458971616999,-39.81890088066224
759,760.0,0.7141697432796611,8.237153872744077,0.19139292880052802,0.4000712437163165,0.013380821428601008,0.12111143935531696,0.902945897161517,-39.81890088064772
760,761.0,0.5474952311396842,6.796746586100354,0.19139293669801077,0.400071223772815,0.01338082142860768,0.12111143935534716,0.9029458971614731,-39.81890088064422
761,762.0,0.45020763165937794,3.9238919935311074,0.19139289861565376,0.40007131713219024,0.013380821428582495,0.12111143935523319,0.9029458971616396,-39.818900880657395
762,763.0,0.6838688335447535,8.028866662110863,0.19139293059577248,0.4000712391031771,0.01338082142860251,0.12111143935532377,0.9029458971615072,-39.81890088064692
763,764.0,0.7307044183599616,0.3889970425831426,0.19139284888143424,0.4000714350505027,0.013380821428571624,0.121111439355184,0.9029458971617095,-39.81890088066309
764,765.0,0.20491365883751744,2.8360377336239058,0.1913929493171188,0.40007119270931873,0.01338082142861933,0.12111143935539989,0.9029458971613958,-39.818900880638125
765,766.0,0.20169826535736202,1.1083724045710448,0.19139286258994045,0.4000714037760154,0.013380821428572233,0.12111143935518674,0.9029458971617063,-39.81890088066277
766,767.0,0.10437291953678363,6.978760312629685,0.19139307681019768,0.4000708696832785,0.013380821428839364,0.12111143935639566,0.9029458971599477,-39.818900880523024
767,768.0,0.3611128725466488,4.001981864726704,0.19139292465362573,0.4000712538784061,0.01338082142859791,0.12111143935530296,0.9029458971615375,-39.81890088064933
768,769.0,0.6151593224607661,3.1151634414974083,0.19139285812654305,0.4000714137024991,0.013380821428571894,0.12111143935518522,0.9029458971617084,-39.81890088066294
769,770.0,0.12262985433032048,7.214356152173815,0.1913930705021885,0.4000708857325033,0.013380821428824203,0.12111143935632707,0.9029458971600474,-39.81890088053095
770,771.0,0.4515782043130856,4.010401279196427,0.19139290101200848,0.40007131181722094,0.013380821428583491,0.1211114393552377,0.9029458971616328,-39.81890088065687
771,772.0,0.02746104489476453,3.2347876372480404,0.19139309753949374,0.4000708167055735,0.01338082142889268,0.12111143935663694,0.9029458971595976,-39.81890088049513
772,773.0,0.7334729293990156,2.286124540877972,0.1913931694980721,0.40007172886815184,0.013380821430138924,0.1211114393622769,0.902945897161201,-39.81890087984317
773,774.0,0.7311817287592156,4.11312562844099,0.1913928641464141,0.40007140020736676,0.0133808214285724,0.1211114393551875,0.9029458971617051,-39.81890088066268
774,775.0,0.7134955564359484,5.062048618750922,0.1913928798709929,0.40007136236301166,0.013380821428575582,0.12111143935520191,0.9029458971616849,-39.81890088066101
775,776.0,0.020082461307640576,0.698287445070069,0.19139284993456357,0.40007143404568934,0.01338082142857159,0.12111143935518384,0.9029458971617095,-39.8189008806631
776,777.0,0.2222544990901264,7.779483322641983,0.19139303858543497,0.40007096772995554,0.0133808214287534,0.12111143935600663,0.9029458971605115,-39.818900880567995
777,778.0,0.309245238032691,7.897700365432897,0.19139301305169937,0.4000710329200405,0.013380821428705472,0.12111143935578973,0.9029458971608265,-39.81890088059306
778,779.0,0.3617914070172936,4.887752179992181,0.19139294638479107,0.40007120015805003,0.013380821428616367,0.12111143935538649,0.9029458971614153,-39.818900880639674
779,780.0,0.4359303946283304,4.7025586189107385,0.19139292131857388,0.40007126195764403,0.013380821428595568,0.12111143935529234,0.902945897161553,-39.81890088065056
780,781.0,0.7326852068326527,1.2441497167064108,0.19139301058528116,0.4000716168304935,0.013380821429028026,0.12111143935724948,0.9029458971615097,-39.81890088042432
781,782.0,0.09645535984610798,0.6223089359012429,0.19139284798930667,0.4000714365588388,0.013380821428571657,0.12111143935518415,0.9029458971617093,-39.818900880663065
782,783.0,0.2609251837930764,0.31702981383808737,0.19139284862731584,0.40007143498392533,0.013380821428571653,0.12111143935518412,0.9029458971617094,-39.81890088066307
783,784.0,0.17645765213298015,5.307002866465357,0.1913930267571182,0.4000709978702711,0.013380821428730351,0.12111143935590234,0.9029458971606631,-39.818900880580046
784,785.0,0.23425166195110658,9.019226540937037,0.19139304557598022,0.40007095008048504,0.013380821428767564,0.12111143935607073,0.9029458971604181,-39.81890088056058
785,786.0,0.8031309251695506,0.5054351131531485,0.19139278282383437,0.4000713530007532,0.01338082142866383,0.12111143935560127,0.9029458971616775,-39.81890088061485
786,787.0,0.7120321036596676,0.28640751785683083,0.1913928488912008,0.4000714349978834,0.01338082142857163,0.12111143935518404,0.9029458971617095,-39.81890088066308
787,788.0,0.7357330013132062,0.2574762704844792,0.19139284757635774,0.40007143891292074,0.013380821428571632,0.12111143935518404,0.9029458971617091,-39.81890088066308
788,789.0,0.1079703053613047,3.6928090795629833,0.19139303705688748,0.4000709718298171,0.013380821428750106,0.12111143935599172,0.9029458971605329,-39.818900880569714
789,790.0,0.3960983326808233,6.138270488161733,0.19139296194423536,0.40007116171540397,0.01338082142863254,0.12111143935545966,0.9029458971613079,-39.81890088063121
790,791.0,0.9375258203917101,9.014920299238897,0.1913929085806012,0.40007129285679544,0.013380821428587628,0.12111143935525642,0.9029458971616058,-39.81890088065471
791,792.0,0.9730998800989968,4.75052934221028,0.19139285670585673,0.4000714172608208,0.013380821428571775,0.12111143935518469,0.9029458971617089,-39.818900880663
792,793.0,0.8558512177893333,1.764650875457093,0.19139318255389845,0.40007178123477094,0.013380821430430364,0.12111143936359584,0.902945897161008,-39.81890087969071
793,794.0,0.2760017668898137,3.4693392908610443,0.1913929386023298,0.4000712193628981,0.013380821428609213,0.1211114393553541,0.9029458971614628,-39.81890088064342
794,795.0,0.8121298160728276,8.037012806287633,0.19139291239808712,0.4000712842045588,0.013380821428589632,0.12111143935526548,0.9029458971615921,-39.818900880653665
795,796.0,0.8109596531357625,0.47590821976586095,0.19139283294562898,0.40007141542816926,0.013380821428578169,0.12111143935521361,0.9029458971617088,-39.818900880659655
796,797.0,0.09506532075871366,0.7486499312517086,0.19139285065914458,0.4000714316898577,0.013380821428571601,0.1211114393551839,0.9029458971617096,-39.818900880663094
797,798.0,0.9517232486519487,7.625983345626791,0.1913928912075368,0.40007133570844894,0.013380821428579184,0.1211114393552182,0.9029458971616611,-39.81890088065913
798,799.0,0.26032279403768555,1.0553663642858742,0.19139239029074234,0.40007103040791675,0.013380821431798995,0.12111143936978966,0.9029458971608153,-39.81890087897473
799,800.0,0.9483227618694835,6.062340511996647,0.19139287171287023,0.40007138175055845,0.013380821428573667,0.12111143935519324,0.9029458971616973,-39.818900880662014
800,801.0,0.5311829166288937,6.206716389544248,0.1913929299402743,0.4000712405273454,0.013380821428602072,0.12111143935532179,0.9029458971615102,-39.818900880647156
801,802.0,0.4855260171174258,1.484606392361407,0.19139319697043142,0.4000717565911492,0.013380821430432066,0.12111143936360354,0.9029458971611026,-39.81890087968982
802,803.0,0.04907643473007661,9.180703055560866,0.1913931072113427,0.40007079128967027,0.0133808214289202,0.12111143935676151,0.9029458971594186,-39.81890088048073
803,804.0,0.18807111397565857,9.780139021126853,0.19139306467253359,0.40007090117934885,0.013380821428809838,0.12111143935626204,0.9029458971601405,-39.818900880538465
804,805.0,0.031203721418350594,8.560549767528753,0.1913931125648216,0.4000707769770275,0.01338082142893631,0.1211114393568344,0.9029458971593145,-39.8189008804723
805,806.0,0.7624497965052139,1.5852229638234387,0.19139319005967065,0.4000717872919091,0.013380821430508493,0.12111143936394941,0.9029458971609837,-39.81890087964983
806,807.0,0.35397250798417035,9.823458142338936,0.19139302052129736,0.40007101413831786,0.01338082142871847,0.12111143935584855,0.9029458971607407,-39.81890088058626
807,808.0,0.8462380567193513,1.1057061019748866,0.19139287004871425,0.4000714634692961,0.013380821428578814,0.12111143935521654,0.9029458971617028,-39.81890088065932
808,809.0,0.1550632025882832,4.571812183078079,0.19139302541645087,0.40007100144930374,0.013380821428727655,0.12111143935589012,0.9029458971606806,-39.81890088058146
809,810.0,0.7301629766579382,5.324897526132202,0.19139288252998563,0.40007135639180064,0.013380821428576278,0.12111143935520506,0.9029458971616802,-39.81890088066065
810,811.0,0.02142516024559682,3.9909610932483,0.19139310680733485,0.40007079197752554,0.013380821428919581,0.1211114393567587,0.9029458971594235,-39.81890088048105
811,812.0,0.23753817478440176,4.19191416168047,0.1913929757068791,0.4000711267819775,0.01338082142864956,0.1211114393555367,0.902945897161196,-39.81890088062231
812,813.0,0.34636686939692996,5.861252256163911,0.1913929715275828,0.4000711377248693,0.013380821428643958,0.12111143935551134,0.9029458971612324,-39.81890088062524
813,814.0,0.6137847242538671,7.912232405605535,0.19139294103229865,0.4000712132622876,0.013380821428611429,0.12111143935536413,0.9029458971614481,-39.81890088064226
814,815.0,0.8998051223755336,6.218470911447696,0.19139287818089284,0.40007136663450027,0.013380821428575097,0.12111143935519972,0.9029458971616879,-39.81890088066127
815,816.0,0.7396107532743549,7.503789105566369,0.19139291459614985,0.40007127821772315,0.013380821428591198,0.12111143935527258,0.9029458971615821,-39.81890088065285
816,817.0,0.3848415276202337,7.905056497966047,0.19139299162400583,0.4000710868652207,0.013380821428671497,0.12111143935563598,0.9029458971610509,-39.81890088061083
817,818.0,0.29459070480965244,5.6393515598808905,0.19139298434189403,0.40007110512449723,0.01338082142866114,0.1211114393555891,0.9029458971611194,-39.818900880616255
818,819.0,0.45034494718342855,0.576325113142962,0.19139284860423517,0.40007143522353006,0.013380821428571645,0.12111143935518409,0.9029458971617094,-39.81890088066307
819,820.0,0.9231348639626068,7.6212725834691355,0.19139289372029608,0.40007132933773837,0.013380821428580257,0.12111143935522307,0.9029458971616542,-39.81890088065857
820,821.0,0.24830893611625993,9.983356563166655,0.19139304819127873,0.4000709428328706,0.013380821428773728,0.12111143935609862,0.9029458971603787,-39.81890088055735
821,822.0,0.6900317512787397,5.686315185657802,0.19139289327309603,0.400071330243805,0.013380821428580136,0.1211114393552225,0.9029458971616551,-39.81890088065863
822,823.0,0.7119031002571966,1.9010520920985363,0.19139330091653348,0.4000718651535964,0.013380821431787976,0.1211114393697398,0.9029458971606343,-39.81890087898049
823,824.0,0.3928960343360848,3.2416389388152855,0.19139289329166284,0.40007133017556445,0.013380821428580138,0.12111143935522253,0.9029458971616551,-39.81890088065863
824,825.0,0.35409180565847875,5.358274530031855,0.19139295889311242,0.40007116881593513,0.013380821428629435,0.12111143935544562,0.902945897161329,-39.818900880632846
825,826.0,0.22512747703059155,8.958434582731453,0.19139304778419636,0.40007094420565253,0.013380821428772482,0.12111143935609299,0.9029458971603862,-39.818900880558004
826,827.0,0.7052384563394455,9.684946894703453,0.19139294849106447,0.4000711950832339,0.013380821428618333,0.12111143935539537,0.9029458971614022,-39.81890088063865
827,828.0,0.5245606402348632,2.814266918094032,0.1913928610402491,0.40007140702522226,0.013380821428572102,0.12111143935518616,0.9029458971617071,-39.81890088066284
828,829.0,0.4287358972129881,4.166105524076969,0.1913929101208028,0.4000712896084757,0.01338082142858835,0.12111143935525968,0.9029458971616007,-39.81890088065434
829,830.0,0.5934413083836919,2.063998722350979,0.19139293703857782,0.40007151326161805,0.013380821428681605,0.12111143935568172,0.9029458971616692,-39.81890088060555
830,831.0,0.17293624490151438,4.129728077656577,0.19139300650584246,0.40007104943223165,0.013380821428694546,0.12111143935574027,0.9029458971608987,-39.818900880598775
831,832.0,0.908937655868597,1.2479897440608108,0.19139288647739514,0.40007147980285057,0.013380821428594602,0.12111143935528798,0.9029458971616948,-39.818900880651064
832,833.0,0.20891673581187764,5.614598401308392,0.19139301707164633,0.4000710224328532,0.013380821428712742,0.12111143935582264,0.9029458971607791,-39.81890088058926
833,834.0,0.8855814724704022,4.081576628666365,0.1913928549253069,0.40007142142822744,0.013380821428571707,0.12111143935518436,0.9029458971617093,-39.81890088066304
834,835.0,0.04117178287949175,0.09887925716364718,0.19139284905058007,0.4000714347546639,0.013380821428571613,0.12111143935518395,0.9029458971617095,-39.818900880663094
835,836.0,0.9363293105396121,6.028554609793405,0.1913928722813966,0.40007138041253115,0.013380821428573782,0.12111143935519375,0.9029458971616966,-39.81890088066196
836,837.0,0.09580379994481136,6.214994155114114,0.19139307568343114,0.40007087285616927,0.013380821428836233,0.1211114393563815,0.9029458971599675,-39.81890088052466
837,838.0,0.12189928003840778,7.884356555086089,0.19139307559648275,0.4000708731391927,0.013380821428835956,0.12111143935638025,0.9029458971599692,-39.8189008805248
838,839.0,0.32161819070088304,8.080975414755112,0.19139301119372604,0.4000710375589156,0.013380821428702361,0.12111143935577566,0.9029458971608472,-39.81890088059469
839,840.0,0.5237985827867961,6.1277734148024665,0.19139293039409638,0.40007123986290083,0.013380821428602242,0.12111143935532256,0.9029458971615087,-39.81890088064707
840,841.0,0.4379903030831491,4.205428450288304,0.19139290839296122,0.400071293226843,0.013380821428587554,0.12111143935525609,0.9029458971616063,-39.81890088065475
841,842.0,0.37511168356627134,6.926129097746852,0.1913929810712031,0.40007111359803876,0.013380821428656466,0.12111143935556794,0.9029458971611499,-39.8189008806187
842,843.0,0.6317334952618974,0.1316395313313342,0.1913928509339814,0.4000714313693981,0.013380821428571573,0.12111143935518376,0.9029458971617097,-39.81890088066311
843,844.0,0.32315483047496785,2.282497888482894,0.19139287976358932,0.40007136276887656,0.013380821428575532,0.12111143935520167,0.9029458971616852,-39.81890088066104
844,845.0,0.5670178434147451,6.785052060874279,0.19139293321562204,0.4000712330707219,0.013380821428604436,0.1211114393553325,0.9029458971614941,-39.81890088064592
845,846.0,0.5279213252666417,5.881060022104204,0.19139292517596596,0.40007125257520015,0.013380821428598295,0.1211114393553047,0.902945897161535,-39.81890088064913
846,847.0,0.6633642477343757,7.733837937206679,0.1913929304668248,0.400071239848247,0.013380821428602216,0.12111143935532244,0.9029458971615087,-39.81890088064708
847,848.0,0.43117688850421254,2.4237909564407727,0.19139286382851414,0.4000714007444989,0.013380821428572375,0.1211114393551874,0.9029458971617054,-39.818900880662696
848,849.0,0.9351696884500244,8.508334714657709,0.19139290338497583,0.40007130606145164,0.013380821428584672,0.12111143935524304,0.902945897161625,-39.81890088065626
849,850.0,0.9372781124615582,2.169009268767839,0.1913932690262569,0.4000718537123341,0.013380821431441606,0.12111143936817227,0.90294589716069,-39.818900879161696
850,851.0,0.7694439350309342,1.6097339697729098,0.1913931953886449,0.4000717916898316,0.013380821430565352,0.12111143936420672,0.9029458971609658,-39.81890087962009
851,852.0,0.31289606055359476,0.05791254109204117,0.1913928490869643,0.40007143468324285,0.013380821428571625,0.12111143935518401,0.9029458971617095,-39.81890088066309
852,853.0,0.7209927078081192,6.124400076034971,0.19139289655088093,0.4000713223721984,0.013380821428581498,0.12111143935522868,0.9029458971616461,-39.81890088065792
853,854.0,0.3718006358810788,3.1061175079906627,0.19139289488711547,0.40007132638278137,0.013380821428580787,0.12111143935522545,0.9029458971616507,-39.81890088065829
854,855.0,0.12971766203030966,9.442283097083116,0.1913930806742635,0.400070859951364,0.013380821428848761,0.1211114393564382,0.9029458971598856,-39.8189008805181
855,856.0,0.2979651443214202,9.049613264236541,0.19139302708775977,0.40007099654869105,0.013380821428731437,0.12111143935590724,0.9029458971606568,-39.81890088057948
856,857.0,0.22589345870879252,1.895700002422346,0.19139289528623948,0.4000713255927698,0.0133808214285809,0.12111143935522597,0.90294589716165,-39.818900880658234
857,858.0,0.9568677612523235,5.93787061579047,0.19139286980145934,0.4000713864219282,0.013380821428573286,0.1211114393551915,0.9029458971616997,-39.81890088066221
858,859.0,0.7451384873682747,8.678035595915354,0.19139292989078846,0.400071241058227,0.013380821428601858,0.1211114393553208,0.9029458971615113,-39.81890088064727
859,860.0,0.5657141591400322,3.993240908631632,0.19139287956915443,0.40007136325911724,0.01338082142857547,0.12111143935520138,0.9029458971616856,-39.81890088066107
860,861.0,0.7352420207963086,1.0315169688141155,0.19139289467812123,0.4000714894111467,0.01338082142860662,0.12111143935534237,0.9029458971616888,-39.818900880644776
861,862.0,0.7542751173409938,2.0342311334805308,0.19139329840899705,0.4000718615416087,0.013380821431745685,0.12111143936954841,0.9029458971606521,-39.81890087900262
862,863.0,0.6428888016475564,1.6546160666800465,0.1913933043055612,0.4000718724700454,0.013380821431858658,0.12111143937005968,0.902945897160598,-39.818900878943516
863,864.0,0.5132321194139926,1.7701012724682486,0.19139295884640764,0.4000715346925368,0.013380821428747827,0.12111143935598141,0.9029458971616462,-39.81890088057091
864,865.0,0.5969379049306176,6.542133881327584,0.1913929226839282,0.40007125824564094,0.013380821428596666,0.12111143935529732,0.902945897161546,-39.818900880649984
865,866.0,0.2282332167628337,0.7925356383460606,0.19139294102280607,0.4000715183795001,0.013380821428693786,0.12111143935573686,0.9029458971616642,-39.81890088059917
866,867.0,0.840592849153801,3.4673215990175947,0.19139285175889292,0.400071428932724,0.013380821428571606,0.12111143935518391,0.9029458971617097,-39.818900880663094
867,868.0,0.32767807227599277,1.2911558495853603,0.1913925115439738,0.40007113667384137,0.013380821430329022,0.12111143936313722,0.902945897161229,-39.81890087974373
868,869.0,0.3310130539229341,2.3004267806649636,0.19139287872198055,0.400071365351858,0.013380821428575218,0.12111143935520026,0.9029458971616873,-39.818900880661204
869,870.0,0.9548769661084302,1.4377176950666475,0.1913929275937108,0.40007152984160477,0.013380821428682032,0.12111143935568365,0.9029458971616517,-39.81890088060533
870,871.0,0.4394224794047452,0.4909722335983463,0.19139284846915164,0.4000714362442581,0.013380821428571622,0.12111143935518397,0.9029458971617094,-39.81890088066309
871,872.0,0.9209653859160225,0.017102227919157196,0.1913928513115238,0.40007143111069843,0.013380821428571558,0.12111143935518369,0.9029458971617097,-39.81890088066312
872,873.0,0.8815639073626339,6.172280237799347,0.19139287912985348,0.4000713645508106,0.013380821428575296,0.12111143935520062,0.9029458971616866,-39.81890088066116
873,874.0,0.9995827373950096,3.600330683428694,0.19139283522374284,0.40007142221204356,0.013380821428575856,0.12111143935520316,0.9029458971617095,-39.81890088066087
874,875.0,0.3425712415018094,4.49930236827354,0.19139294343942395,0.4000712076158339,0.013380821428613477,0.1211114393553734,0.9029458971614343,-39.81890088064119
875,876.0,0.3462832816498961,8.686096218536141,0.1913930111154784,0.4000710379856287,0.01338082142870201,0.12111143935577406,0.9029458971608492,-39.818900880594875
876,877.0,0.7680927339638021,4.7039797465425375,0.19139286925485732,0.400071388064195,0.013380821428573157,0.12111143935519093,0.9029458971617004,-39.818900880662284
877,878.0,0.8191401257071822,1.3079231138744145,0.19139296503190925,0.40007156801806626,0.013380821428807366,0.12111143935625085,0.9029458971616,-39.81890088053976
878,879.0,0.40070687656776816,2.1221646297963126,0.1913928606155938,0.40007140830371185,0.013380821428572047,0.12111143935518591,0.9029458971617074,-39.818900880662866
879,880.0,0.8942909411140864,2.5127436528157205,0.1913932799110706,0.4000718401540523,0.013380821431468794,0.12111143936829531,0.9029458971607539,-39.81890087914747
880,881.0,0.8892014058546419,1.3058217686905997,0.19139291439514525,0.40007151483099607,0.013380821428647738,0.12111143935552846,0.9029458971616677,-39.81890088062327
881,882.0,0.18827003646637996,2.0868598280811934,0.191392924279515,0.40007125439371,0.013380821428597802,0.12111143935530247,0.9029458971615385,-39.81890088064939
882,883.0,0.9737190563610976,0.9272524819035478,0.19139284641374643,0.40007143049665395,0.013380821428572078,0.12111143935518605,0.9029458971617097,-39.818900880662845
883,884.0,0.6571071949211121,8.69429285259476,0.1913929442141589,0.40007120578029937,0.013380821428614154,0.12111143935537648,0.9029458971614297,-39.81890088064083
884,885.0,0.1360915850158596,0.6161353469250925,0.19139284869797896,0.40007143527061,0.013380821428571636,0.12111143935518405,0.9029458971617094,-39.81890088066308
885,886.0,0.4738276518305966,5.34466525177201,0.1913929264417833,0.40007124938997507,0.013380821428599273,0.12111143935530912,0.9029458971615285,-39.81890088064862
886,887.0,0.005242398713051988,5.480566484232543,0.19139312216197216,0.4000707524158262,0.013380821428964363,0.12111143935696135,0.9029458971591305,-39.818900880457626
887,888.0,0.6435388368814394,5.958539494415972,0.19139290570152892,0.40007130054703416,0.013380821428585835,0.1211114393552483,0.9029458971616172,-39.81890088065565
888,889.0,0.784301271411503,9.342553194755277,0.19139293261001095,0.40007123443769066,0.013380821428603999,0.12111143935533052,0.9029458971614971,-39.81890088064615
889,890.0,0.9330606540013687,5.80857853558578,0.1913928704593579,0.4000713852612258,0.013380821428573362,0.12111143935519185,0.902945897161699,-39.81890088066218
890,891.0,0.6935562242696501,9.998658559510195,0.19139295370536244,0.4000711819904848,0.013380821428623707,0.12111143935541971,0.9029458971613666,-39.81890088063584
891,892.0,0.26566125873958124,9.736404794795105,0.19139304207488161,0.4000709588307667,0.01338082142876049,0.12111143935603873,0.9029458971604649,-39.81890088056428
892,893.0,0.11781904458647974,8.92284609686616,0.1913930819080203,0.40007085633058853,0.013380821428852458,0.12111143935645492,0.9029458971598624,-39.81890088051617
893,894.0,0.16069273727768973,3.8664458513579145,0.19139300683690044,0.4000710482611804,0.013380821428695367,0.121111439355744,0.9029458971608938,-39.81890088059835
894,895.0,0.22334461442500864,8.923255970964805,0.1913930486074812,0.4000709424984597,0.013380821428773785,0.12111143935609889,0.9029458971603769,-39.81890088055733
895,896.0,0.9386371432287389,7.598776866930377,0.19139289212057153,0.40007133322980004,0.013380821428579607,0.12111143935522013,0.9029458971616584,-39.81890088065891
896,897.0,0.9323460841408459,3.2414268447254,0.1913929374730051,0.40007151538149077,0.013380821428684441,0.12111143935569454,0.9029458971616672,-39.81890088060406
897,898.0,0.44908289668685997,0.3171310990168138,0.1913928495392073,0.40007143421469876,0.01338082142857161,0.12111143935518394,0.9029458971617095,-39.818900880663094
898,899.0,0.1026952950041049,4.458203735547279,0.19139305377696644,0.4000709292990089,0.013380821428784953,0.12111143935614942,0.9029458971603035,-39.81890088055148
899,900.0,0.029111829260891064,8.74887984643759,0.1913931137956147,0.4000707739180287,0.013380821428939729,0.12111143935684987,0.9029458971592919,-39.818900880470515
900,901.0,0.25700046037116275,0.14142665630161685,0.19139284998810466,0.400071433632934,0.013380821428571592,0.12111143935518386,0.9029458971617095,-39.8189008806631
901,902.0,0.6583769788825008,0.2040420122822603,0.1913928444842498,0.4000714417214904,0.01338082142857182,0.12111143935518487,0.9029458971617086,-39.81890088066299
902,903.0,0.6361490666725277,7.607283801707907,0.19139293242670602,0.40007123435272596,0.013380821428604075,0.12111143935533086,0.902945897161497,-39.81890088064611
903,904.0,0.6155721977160018,6.9285476115638245,0.19139292629321375,0.4000712497197677,0.013380821428599176,0.12111143935530869,0.9029458971615292,-39.81890088064867
904,905.0,0.008571587574457085,9.162330367517363,0.19139312228334127,0.4000707521836134,0.013380821428964611,0.12111143935696247,0.9029458971591287,-39.8189008804575
905,906.0,0.1509268520903485,8.21571643488024,0.1913930669771465,0.40007089521822414,0.013380821428815283,0.12111143935628668,0.9029458971601049,-39.818900880535615
906,907.0,0.6806088675774317,2.2552749255269378,0.1913930548782879,0.4000716224996982,0.013380821429208595,0.12111143935806665,0.9029458971614975,-39.81890088032986
907,908.0,0.8585975293948372,1.245742930394738,0.19139290909067688,0.40007150689987525,0.013380821428634303,0.12111143935546764,0.9029458971616751,-39.818900880630295
908,909.0,0.5673853583100186,7.4193352257477,0.19139294266437698,0.40007120928160805,0.013380821428612901,0.1211114393553708,0.9029458971614384,-39.81890088064149
909,910.0,0.8733687251406435,6.356323203423787,0.19139288205433222,0.40007135724219306,0.013380821428576191,0.12111143935520467,0.9029458971616809,-39.8189008806607
910,911.0,0.26875924687240993,4.647094555484286,0.19139297342942807,0.4000711323600955,0.013380821428646748,0.12111143935552397,0.9029458971612147,-39.81890088062379
911,912.0,0.2780693367930339,2.5587305501290616,0.1913929050991282,0.4000713020151057,0.013380821428585519,0.12111143935524689,0.9029458971616193,-39.81890088065582
912,913.0,0.5994661762225642,5.630201988434172,0.19139290683661933,0.40007129751598713,0.013380821428586522,0.1211114393552514,0.9029458971616129,-39.81890088065529
913,914.0,0.12489169650880427,4.795378585527868,0.19139304594913148,0.4000709493723766,0.01338082142876808,0.12111143935607308,0.9029458971604143,-39.818900880560314
914,915.0,0.6142524803810017,7.912033543082965,0.19139294125356301,0.4000712130569834,0.013380821428611451,0.12111143935536423,0.9029458971614477,-39.818900880642246
915,916.0,0.48638459441333526,6.481853778708263,0.1913929444751891,0.40007120444182426,0.013380821428614782,0.12111143935537932,0.9029458971614261,-39.81890088064051
916,917.0,0.7641744946762841,0.9839564319378725,0.19139286665162739,0.40007145863477217,0.013380821428576333,0.12111143935520531,0.9029458971617046,-39.81890088066062
917,918.0,0.2789567475195238,4.492270389293505,0.19139296547356324,0.40007115209993366,0.013380821428637132,0.12111143935548047,0.9029458971612785,-39.81890088062882
918,919.0,0.30908681160792295,1.8382067912143105,0.19139286728449176,0.4000713927117974,0.013380821428572845,0.12111143935518953,0.9029458971617024,-39.81890088066244
919,920.0,0.42512253978520564,0.9178686370322517,0.19139322101392028,0.4000718147136467,0.013380821430858692,0.12111143936553427,0.9029458971608685,-39.81890087946664
920,921.0,0.7665058064388528,8.793597787091343,0.19139292801719937,0.40007124550637346,0.013380821428600458,0.12111143935531449,0.9029458971615207,-39.818900880648
921,922.0,0.25928480524088693,6.457353068673984,0.19139301050480426,0.40007103951680345,0.013380821428701008,0.12111143935576953,0.9029458971608557,-39.81890088059539
922,923.0,0.18387831180829306,6.105054728731098,0.19139303414713602,0.4000709785766613,0.013380821428745039,0.1211114393559688,0.9029458971605673,-39.81890088057237
923,924.0,0.11387056704031084,8.196316848731945,0.19139308036617184,0.400070860656852,0.013380821428848094,0.12111143935643516,0.9029458971598902,-39.818900880518456
924,925.0,0.9890788637840606,7.371703148496483,0.19139288441977317,0.4000713518559329,0.01338082142857686,0.1211114393552077,0.9029458971616764,-39.818900880660344
925,926.0,0.09104508751961105,2.846943553228028,0.1913930301455408,0.40007098927983475,0.013380821428736742,0.12111143935593124,0.902945897160621,-39.818900880576706
926,927.0,0.6114964082874186,5.940442130306483,0.19139290969876463,0.40007129006598346,0.013380821428588287,0.12111143935525939,0.9029458971616015,-39.81890088065437
927,928.0,0.565124400438523,6.895704052422593,0.19139293512232866,0.4000712280854171,0.013380821428606157,0.12111143935534029,0.9029458971614829,-39.81890088064502
928,929.0,0.7158469950277364,8.884467156935452,0.191392936893082,0.4000712233587621,0.013380821428607826,0.12111143935534784,0.9029458971614721,-39.818900880644144
929,930.0,0.862017843495884,3.2716364683550716,0.19139265770764435,0.400071264869792,0.013380821429146119,0.1211114393577839,0.9029458971615585,-39.81890088036254
930,931.0,0.17972864689340518,6.410306321850798,0.19139304015388375,0.4000709639656069,0.013380821428756323,0.12111143935601987,0.9029458971604919,-39.81890088056646
931,932.0,0.25263972825801284,2.9399867849648498,0.1913929302054946,0.40007124044723213,0.01338082142860204,0.12111143935532163,0.90294589716151,-39.81890088064718
932,933.0,0.9051535347831096,7.010655631337141,0.19139288756243739,0.40007134404393363,0.013380821428577959,0.12111143935521267,0.9029458971616694,-39.81890088065977
933,934.0,0.24581346609965282,2.4757892115628533,0.19139291364209016,0.4000712805195874,0.013380821428590626,0.12111143935526998,0.9029458971615859,-39.818900880653146
934,935.0,0.6287085132863613,7.354332190442776,0.19139293039345648,0.4000712399453034,0.0133808214286022,0.12111143935532237,0.902945897161509,-39.818900880647085
935,936.0,0.22162726815408373,6.486739910501511,0.19139302458980303,0.40007100355919695,0.01338082142872612,0.12111143935588317,0.9029458971606907,-39.81890088058226
936,937.0,0.7330044109004785,8.546160584234503,0.19139292979232203,0.4000712410181963,0.0133808214286019,0.121111439355321,0.9029458971615112,-39.81890088064725
937,938.0,0.13222530878446004,4.450836032043559,0.19139303619172884,0.4000709741907494,0.013380821428748219,0.12111143935598317,0.902945897160545,-39.8189008805707
938,939.0,0.0983484062596528,1.9558393786093085,0.1913929888954287,0.40007109407150415,0.013380821428667259,0.1211114393556168,0.9029458971610784,-39.81890088061306
939,940.0,0.6864377899105946,8.812219460348631,0.19139294081874453,0.4000712140196445,0.013380821428611118,0.12111143935536273,0.90294589716145,-39.818900880642424
940,941.0,0.18277837350565074,6.082810678324238,0.1913930352060003,0.4000709767851745,0.013380821428746173,0.12111143935597393,0.9029458971605583,-39.818900880571775
941,942.0,0.15880976308235373,6.5731374721433085,0.1913930500922775,0.4000709379649606,0.0133808214287778,0.12111143935611705,0.9029458971603519,-39.818900880555226
942,943.0,0.18059805830982933,6.657939105668509,0.1913930427925676,0.40007095716611357,0.013380821428761803,0.12111143935604467,0.9029458971604559,-39.818900880563596
943,944.0,0.3421440751289091,2.888104605374808,0.19139289611752175,0.4000713238213485,0.013380821428581213,0.12111143935522739,0.9029458971616477,-39.81890088065806
944,945.0,0.3632822174543068,2.8681178651168056,0.1913928892536016,0.40007133980364984,0.01338082142857861,0.12111143935521561,0.9029458971616652,-39.81890088065943
945,946.0,0.11199254337648468,5.1141457624144255,0.1913930568870647,0.4000709213013034,0.013380821428791887,0.12111143935618081,0.902945897160258,-39.81890088054786
946,947.0,0.7063530028840272,0.7986475581740616,0.19139270072435535,0.4000713894908156,0.013380821428789332,0.12111143935616923,0.902945897161701,-39.818900880549194
947,948.0,0.6534829161237105,5.666775828049254,0.1913928980998324,0.40007131841766036,0.013380821428582254,0.12111143935523211,0.9029458971616412,-39.81890088065752
948,949.0,0.5191595312773146,0.520829922115909,0.19139284958723482,0.40007143426303743,0.013380821428571586,0.12111143935518381,0.9029458971617096,-39.8189008806631
949,950.0,0.2745128138165879,1.5282101579824858,0.19139286355473537,0.4000714016238708,0.013380821428572321,0.12111143935518714,0.9029458971617056,-39.81890088066272
950,951.0,0.321022985217583,3.010800225333066,0.19139290645002682,0.4000712985335187,0.013380821428586301,0.12111143935525041,0.9029458971616142,-39.818900880655406
951,952.0,0.8629989650244966,2.5773141771159516,0.1913932272149386,0.400071784313641,0.013380821430771538,0.12111143936513984,0.9029458971609957,-39.81890087951223
952,953.0,0.7893601340225443,8.764031084028906,0.19139292475747943,0.4000712535687697,0.013380821428598002,0.12111143935530337,0.902945897161537,-39.81890088064929
953,954.0,0.8319596655870065,0.7906073057537765,0.19139284664572162,0.4000714298808079,0.013380821428572097,0.12111143935518612,0.9029458971617097,-39.81890088066284
954,955.0,0.713764291787279,6.7201878641416775,0.1913929071958834,0.40007129691231536,0.013380821428586633,0.12111143935525191,0.9029458971616119,-39.818900880655235
955,956.0,0.1985722947578915,7.395662412131331,0.19139304295610948,0.4000709563965673,0.013380821428762513,0.12111143935604787,0.9029458971604519,-39.81890088056322
956,957.0,0.5766614123164135,2.388654595767425,0.19139285204657666,0.4000714281725775,0.013380821428571624,0.121111439355184,0.9029458971617096,-39.81890088066309
957,958.0,0.881573178392555,0.8551349153456164,0.19139284588002142,0.4000714307284862,0.013380821428572148,0.12111143935518635,0.9029458971617096,-39.81890088066281
958,959.0,0.5018421365079784,8.433938662333702,0.19139297057916652,0.40007113980847414,0.01338082142864297,0.12111143935550688,0.9029458971612393,-39.81890088062576
959,960.0,0.09148730577902697,3.6289072967522613,0.19139304777121485,0.4000709446280775,0.013380821428772026,0.12111143935609094,0.9029458971603884,-39.818900880558246
960,961.0,0.8539360238133661,5.257969350013224,0.19139286942059403,0.40007138747367954,0.013380821428573202,0.12111143935519114,0.9029458971617002,-39.818900880662255
961,962.0,0.15376181803564148,3.84058487513679,0.1913930106757263,0.4000710388507281,0.013380821428701499,0.12111143935577176,0.9029458971608528,-39.818900880595145
962,963.0,0.9247858863643716,2.6925381199057163,0.19139325323302367,0.40007181100044326,0.01338082143109966,0.12111143936662476,0.9029458971608846,-39.818900879340575
963,964.0,0.24262970927834282,3.4601817962697026,0.19139295250255725,0.40007118488244253,0.013380821428622524,0.12111143935541434,0.9029458971613746,-39.818900880636455
964,965.0,0.6727183221482036,1.7289574463152015,0.1913933037545281,0.4000718735125245,0.013380821431859103,0.12111143937006168,0.9029458971605927,-39.81890087894328
965,966.0,0.4861945945794125,3.7769015724083186,0.19139288785391553,0.4000713433714741,0.01338082142857805,0.12111143935521307,0.9029458971616687,-39.81890088065972
966,967.0,0.9010528611107098,2.493495415549077,0.19139328842844675,0.4000718494905451,0.013380821431592079,0.12111143936885324,0.9029458971607102,-39.81890087908297
967,968.0,0.2383344913479587,2.6105857262789973,0.19139292291027227,0.400071257997719,0.013380821428596713,0.12111143935529753,0.9029458971615455,-39.81890088064996
968,969.0,0.15976890028830415,8.305780616702613,0.19139306414797014,0.40007090217169783,0.013380821428809052,0.12111143935625848,0.9029458971601464,-39.81890088053888
969,970.0,0.34500061564980034,1.1904091565448993,0.19139295792310634,0.40007153345827384,0.013380821428744317,0.12111143935596554,0.9029458971616476,-39.81890088057274
970,971.0,0.15448046320703246,8.28152177809496,0.19139306582904125,0.40007089791039896,0.013380821428812905,0.12111143935627591,0.902945897160121,-39.81890088053686
971,972.0,0.9032160486150297,3.9616072092035393,0.1913928533296581,0.40007142543596097,0.013380821428571629,0.12111143935518401,0.9029458971617096,-39.81890088066309
972,973.0,0.22478278512594851,2.5855429026283847,0.19139292812904296,0.40007124495805646,0.013380821428600673,0.12111143935531546,0.9029458971615195,-39.81890088064789
973,974.0,0.7566416691350645,6.241925263320849,0.1913928938700157,0.40007132901333725,0.013380821428580313,0.12111143935522332,0.9029458971616537,-39.81890088065854
974,975.0,0.22356100614358687,3.951104151983115,0.19139297563097776,0.40007112672273176,0.013380821428649645,0.12111143935553709,0.9029458971611957,-39.818900880622266
975,976.0,0.4546895889420347,3.1212601869317114,0.19139287746826125,0.400071368406451,0.0133808214285749,0.12111143935519882,0.9029458971616893,-39.81890088066137
976,977.0,0.09984890421805082,4.336207056728433,0.19139305395587652,0.40007092884945017,0.013380821428785345,0.12111143935615121,0.9029458971603009,-39.81890088055128
977,978.0,0.010378468974869381,0.34450467644280713,0.19139284980086824,0.4000714332787648,0.013380821428571608,0.12111143935518391,0.9029458971617096,-39.818900880663094
978,979.0,0.05495280018074078,8.871639169784572,0.19139310447755492,0.40007079842826926,0.013380821428912377,0.1211114393567261,0.9029458971594696,-39.818900880484826
979,980.0,0.22891507933524857,1.821286855713881,0.19139288986155967,0.4000713383379134,0.013380821428578816,0.12111143935521654,0.9029458971616638,-39.81890088065932
980,981.0,0.35097171938036986,1.1106919038504044,0.19139314496098006,0.40007170480612986,0.013380821429900703,0.12111143936119882,0.9029458971612793,-39.8189008799678
981,982.0,0.49250155075731383,9.302469248592148,0.19139298281362987,0.4000711088771613,0.013380821428659087,0.12111143935557982,0.902945897161133,-39.818900880617335
982,983.0,0.42800264202866656,7.215574004073956,0.19139297115729542,0.4000711386729007,0.013380821428643488,0.12111143935550922,0.9029458971612355,-39.81890088062549
983,984.0,0.15633263255334584,9.67194581986892,0.19139307330982816,0.4000708788400508,0.01338082142883058,0.12111143935635592,0.9029458971600048,-39.818900880527615
984,985.0,0.9930671753781722,3.8814627044907213,0.19139254455062604,0.4000711649004385,0.013380821430008107,0.12111143936168489,0.9029458971613175,-39.8189008799116
985,986.0,0.016247533685539217,3.3295405636033037,0.19139310887988908,0.4000707868278053,0.01338082142892519,0.12111143935678408,0.9029458971593863,-39.81890088047812
986,987.0,0.330967868988877,4.54360054023275,0.1913929483447283,0.4000711953571742,0.013380821428618251,0.121111439355395,0.9029458971614027,-39.818900880638694
987,988.0,0.28251293842560643,6.186086974001002,0.19139299844425994,0.40007106996129477,0.013380821428681544,0.12111143935568144,0.9029458971609843,-39.81890088060558
988,989.0,0.5514666127348699,3.385385083420259,0.19139286933362917,0.40007138759984123,0.013380821428573208,0.12111143935519116,0.9029458971617002,-39.818900880662255
989,990.0,0.06889357321168033,4.249592588794813,0.1913930731184309,0.4000708792999832,0.013380821428830165,0.12111143935635403,0.9029458971600076,-39.818900880527835
990,991.0,0.5156269745093658,5.834185572314576,0.19139292690250603,0.4000712482833409,0.013380821428599617,0.12111143935531068,0.9029458971615263,-39.81890088064844
991,992.0,0.5234300450823117,9.03802806030513,0.1913929734156976,0.40007113247301,0.013380821428646682,0.12111143935552367,0.902945897161215,-39.818900880623815
992,993.0,0.5992728470510912,0.6593079109110898,0.19139284725953795,0.4000714327698972,0.013380821428571844,0.121111439355185,0.9029458971617097,-39.818900880662966
993,994.0,0.1148890275997253,0.6857946225265731,0.19139284912584298,0.400071433733442,0.013380821428571657,0.12111143935518415,0.9029458971617095,-39.818900880663065
994,995.0,0.8247987494188872,7.272212446716433,0.19139290022645072,0.40007131370140075,0.013380821428583113,0.12111143935523598,0.9029458971616353,-39.81890088065707
995,996.0,0.4667781374210279,7.419479151502948,0.19139296504996967,0.4000711539010601,0.013380821428636166,0.12111143935547608,0.902945897161284,-39.818900880629315
996,997.0,0.6457959638002618,7.827257204563929,0.1913929343910912,0.40007122985366717,0.013380821428605544,0.12111143935533751,0.902945897161487,-39.81890088064534
997,998.0,0.4727603434087885,4.777369942935551,0.19139291405686648,0.40007127954509136,0.013380821428590862,0.12111143935527106,0.9029458971615844,-39.81890088065302
998,999.0,0.4381409267732991,5.795885415516395,0.19139294454963127,0.40007120493238313,0.013380821428614482,0.12111143935537795,0.9029458971614276,-39.81890088064066
999,1000.0,0.31951243692384534,4.455973682000914,0.1913929496603231,0.4000711917102194,0.013380821428619762,0.12111143935540185,0.9029458971613931,-39.818900880637905
