,iteration,init_sigma,init_center,est_sigma,est_center,ss_res,nrmse,r_squared,aic
0,1.0,0.01114714525528504,8.749432648998283,0.01114714525528504,8.749432648998283,2.672375940328279,0.6178737666186099,-2.220446049250313e-16,-2.7405954493294002
1,2.0,0.12361236680677123,2.954917721761488,0.12365784154188382,2.954914923999449,2.672375590805429,0.6178737262124298,1.7860161094507276e-07,-2.7405963648667946
2,3.0,0.012828573278488076,4.6480822466747584,0.012828573278488076,4.6480822466747584,2.672375940328279,0.6178737666186099,-2.220446049250313e-16,-2.7405954493294002
3,4.0,0.4959235385147872,4.375190594952879,0.1605839886535283,0.49481354996529375,0.06186742252552672,0.09401171851387666,0.9335695156436556,-29.100701752173045
4,5.0,0.4292718016347502,4.45570013532414,0.0,0.43974918242323496,0.3036462986344684,0.20827396059533435,0.7124121399409113,-17.96461326742708
5,6.0,0.2454191513028735,8.312351400992267,0.2454191513028735,8.312351400992267,2.6723759403278864,0.6178737666185645,1.7463808177353712e-13,-2.740595449330427
6,7.0,0.5958465471668201,3.508821772600221,0.16058382582556632,0.49481358720006946,0.06186742252575865,0.09401171851405293,0.9335695133685997,-29.100701752146804
7,8.0,0.9314280432148321,9.50116454454451,0.16058400607305778,0.49481356750702277,0.06186742252552359,0.09401171851387431,0.9335695145359113,-29.1007017521734
8,9.0,0.7050463367450743,1.0667392396727153,0.1605818664555658,0.49481294413846,0.06186742256243217,0.09401171854191685,0.9335695544460091,-29.100701747997377
9,10.0,0.44460797817893405,9.806484558215166,0.44460797817893405,9.806484558215166,2.672375929440702,0.6178737653599643,3.754140887046731e-09,-2.740595477848232
10,11.0,0.28130169731049914,8.8635519874047,0.28130169731049914,8.8635519874047,2.6723759403256526,0.6178737666183063,1.1152190282359697e-12,-2.740595449336279
11,12.0,0.6969908451553765,5.41957851693209,0.0,0.3814809276890377,0.3036462986344684,0.20827396059533435,0.7124121399409113,-17.96461326742708
12,13.0,0.5533368323047316,4.080373323864167,0.16058382732475907,0.4948133751280641,0.061867422525954445,0.09401171851420168,0.9335695266795057,-29.10070175212465
13,14.0,0.042349666931718266,2.377410156227313,0.042349666931718266,2.377410156227313,2.672375940328264,0.6178737666186082,8.215650382226158e-15,-2.7405954493294393
14,15.0,0.8479033581143968,5.566095136310334,0.1605841489859148,0.49481344786469783,0.061867422525835644,0.0940117185141114,0.9335695219907015,-29.100701752138093
15,16.0,0.7869837415263309,7.479299221822835,0.0,0.44160315602385386,0.3036462986344684,0.20827396059533435,0.7124121399409113,-17.96461326742708
16,17.0,0.6537470040238664,4.738954803418717,0.16058416691342842,0.4948135570534157,0.06186742252576079,0.09401171851405454,0.933569515130202,-29.10070175214657
17,18.0,0.37221081986186544,2.237712604860947,0.0,0.4052212412284157,0.3036462986344684,0.20827396059533435,0.7124121399409113,-17.96461326742708
18,19.0,0.7044057713774774,2.587687639029187,0.0,0.4235858358710176,0.3036462986344684,0.20827396059533435,0.7124121399409113,-17.96461326742708
19,20.0,0.896476826553967,6.12752024383159,0.0,0.39528514743402354,0.3036462986344684,0.20827396059533435,0.7124121399409113,-17.96461326742708
20,21.0,0.49307334807668113,7.826883139172878,0.0,0.4127469232172132,0.3036462986344684,0.20827396059533435,0.7124121399409113,-17.96461326742708
21,22.0,0.9977235510236864,4.798352091232092,0.16058427126604155,0.49481341868559814,0.061867422526336445,0.09401171851449187,0.9335695237748922,-29.100701752081427
22,23.0,0.570382619222745,5.699132049906386,0.16058397134545183,0.494813600426592,0.061867422525532026,0.09401171851388071,0.9335695124828894,-29.100701752172448
23,24.0,0.07943591021715957,6.378337096774339,0.07943591021715957,6.378337096774339,2.672375940328279,0.6178737666186099,-2.220446049250313e-16,-2.7405954493294002
24,25.0,0.7266072175954108,7.8429472596492,0.0,0.45611799368175077,0.3036462986344684,0.20827396059533435,0.7124121399409113,-17.96461326742708
25,26.0,0.3405115984704552,8.027922912575242,0.3405115984704552,8.027922912575242,2.6723759360540082,0.6178737661244877,1.6804949654058987e-09,-2.74059546052539
26,27.0,0.6832029932040142,0.5776666868732502,0.16058399813272314,0.4948135798381991,0.061867422525522485,0.09401171851387348,0.933569513764942,-29.100701752173528
27,28.0,0.9917444665183043,3.0156724278983082,0.16058436830769218,0.49481404359354425,0.06186742252774573,0.09401171851556267,0.9335694845125375,-29.100701751921974
28,29.0,0.29228551616708465,4.643805929477687,0.16058431998134742,0.49481352933196854,0.061867422526391956,0.09401171851453408,0.9335695168109323,-29.100701752075153
29,30.0,0.9500245968725766,9.28876691500212,0.16058408025834622,0.4948137600184193,0.06186742252576749,0.09401171851405962,0.9335695024237103,-29.10070175214581
30,31.0,0.46780583178042523,0.49522529211473143,0.16058399368027412,0.49481357060299325,0.061867422525522575,0.0940117185138735,0.9335695143463296,-29.10070175217352
31,32.0,0.2331145998409525,9.112313838804969,0.2331145998409525,9.112313838804969,2.6723759403282763,0.6178737666186096,1.1102230246251565e-15,-2.7405954493294065
32,33.0,0.20950876198937884,7.839201466573667,0.20950876198937884,7.839201466573667,2.6723759403282576,0.6178737666186075,9.880984919163893e-15,-2.740595449329456
33,34.0,0.35276527950411474,8.947712748537466,0.35276527950411474,8.947712748537466,2.6723759396735542,0.6178737665429213,2.5337298925620644e-10,-2.7405954510443795
34,35.0,0.4646455626967223,1.4527565043456039,0.16058398267221016,0.49481357827136574,0.061867422525523984,0.09401171851387462,0.933569513869211,-29.100701752173357
35,36.0,0.3842351282036388,1.7240121171844909,0.1605839718254335,0.4948135951617127,0.06186742252553023,0.09401171851387934,0.933569512813176,-29.100701752172647
36,37.0,0.0647778034289671,5.688692865799092,0.0647778034289671,5.688692865799092,2.672375940328279,0.6178737666186099,-2.220446049250313e-16,-2.7405954493294002
37,38.0,0.6237342168765645,7.456900540934844,0.0,0.44140080735309606,0.3036462986344684,0.20827396059533435,0.7124121399409113,-17.96461326742708
38,39.0,0.6215784522997901,0.17961509651175983,0.16058406810185288,0.4948137212046945,0.06186742252568003,0.0940117185139932,0.9335695048646839,-29.1007017521557
39,40.0,0.7077651441000151,4.967333137957419,0.0,0.49021952617527764,0.3036462986344684,0.20827396059533435,0.7124121399409113,-17.96461326742708
40,41.0,0.6703849541831818,8.327074227159526,0.0,0.46766055220895475,0.3036462986344684,0.20827396059533435,0.7124121399409113,-17.96461326742708
41,42.0,0.239895480116472,2.0928340135354784,0.0,0.4124050612688578,0.3036462986344684,0.20827396059533435,0.7124121399409113,-17.96461326742708
42,43.0,0.5620013819543912,8.59832975109444,0.0,0.4065434529093061,0.3036462986344684,0.20827396059533435,0.7124121399409113,-17.96461326742708
43,44.0,0.8155822600383162,7.11811259071252,0.0,0.42635850288365384,0.3036462986344684,0.20827396059533435,0.7124121399409113,-17.96461326742708
44,45.0,0.5072527356885632,4.372736429664183,0.16058399308270208,0.49481356111042696,0.0618674225255237,0.09401171851387437,0.9335695149423944,-29.100701752173393
45,46.0,0.6099744756663461,5.560637777368073,0.16058444959907198,0.4948132669928095,0.06186742252794135,0.09401171851571127,0.9335695332267491,-29.100701751899848
46,47.0,0.9812046991298071,9.235955632411844,0.0,0.4377226273328563,0.3036462986344684,0.20827396059533435,0.7124121399409113,-17.96461326742708
47,48.0,0.4350608636513621,1.0919113691107747,0.16058409153604739,0.49481294522472513,0.06186742252813505,0.09401171851585848,0.933569553562196,-29.100701751877928
48,49.0,0.6928009378028241,1.0092002730135627,0.16058358262090563,0.49481311501056974,0.06186742252794745,0.09401171851571592,0.93356954309922,-29.10070175189915
49,50.0,0.46286311195756846,5.6929373832864085,0.16058408849882636,0.49481407216367473,0.061867422527052456,0.09401171851503588,0.933569482827283,-29.10070175200042
50,51.0,0.8578051986031818,3.276149715224149,0.16058477345443237,0.4948129592354649,0.06186742253334395,0.09401171851981609,0.9335695524157783,-29.100701751288568
51,52.0,0.1929165373987639,9.294155190908265,0.1929165373987639,9.294155190908265,2.672375940328279,0.6178737666186099,-2.220446049250313e-16,-2.7405954493294002
52,53.0,0.2655128946083748,4.48080312206389,0.16058396880179537,0.4948135945346798,0.06186742252553137,0.09401171851388022,0.9335695128536909,-29.100701752172526
53,54.0,0.1529936330960685,7.7797212645536,0.1529936330960685,7.7797212645536,2.672375940328279,0.6178737666186099,-2.220446049250313e-16,-2.7405954493294002
54,55.0,0.6074306547269139,1.072338834664265,0.16058400447994978,0.49481349599377933,0.061867422525563105,0.09401171851390434,0.9335695190253043,-29.10070175216893
55,56.0,0.4516093415820984,0.8829347872995194,0.16058400120575547,0.49481365824975876,0.06186742252556403,0.09401171851390502,0.933569508841962,-29.100701752168824
56,57.0,0.6390220712956487,9.400016873813396,0.16058401000062514,0.49481356520245123,0.06186742252552471,0.09401171851387517,0.9335695146790607,-29.10070175217328
57,58.0,0.730381785939077,8.492038402301239,0.0,0.4384848488032245,0.3036462986344684,0.20827396059533435,0.7124121399409113,-17.96461326742708
58,59.0,0.8691676505321866,3.2964013081435763,0.1605839989738025,0.49481357526481956,0.061867422525522416,0.09401171851387344,0.9335695140516849,-29.100701752173535
59,60.0,0.828135803620899,8.699005862754102,0.16058388752971592,0.49481356829868467,0.06186742252561654,0.09401171851394495,0.9335695145315308,-29.10070175216289
60,61.0,0.9483492181328796,1.4257335057494247,0.16058462087761086,0.4948130559650233,0.06186742253074695,0.09401171851784293,0.9335695464049056,-29.100701751582406
61,62.0,0.8954380870863198,5.309788124483837,0.1605839807451799,0.4948135657474352,0.06186742252552481,0.09401171851387524,0.9335695146560598,-29.100701752173265
62,63.0,0.08761064033597077,9.358957719698958,0.08761064033597077,9.358957719698958,2.672375940328279,0.6178737666186099,-2.220446049250313e-16,-2.7405954493294002
63,64.0,0.4635522724250595,9.029028262516539,0.4635522724250595,9.029028262516539,2.672375807468239,0.6178737512594807,4.4772916929503026e-08,-2.7405957973419257
64,65.0,0.13076407631571052,8.127522496746181,0.13076407631571052,8.127522496746181,2.672375940328279,0.6178737666186099,-2.220446049250313e-16,-2.7405954493294002
65,66.0,0.760515569365503,4.687554649992905,0.1605839503992395,0.4948135101107332,0.06186742252556198,0.09401171851390344,0.9335695181599099,-29.10070175216906
66,67.0,0.08645048313927195,7.484299996113965,0.08645048313927195,7.484299996113965,2.672375940328279,0.6178737666186099,-2.220446049250313e-16,-2.7405954493294002
67,68.0,0.2684518016757065,3.5242390858035524,0.0,0.3408939384589198,0.3036462986344684,0.20827396059533435,0.7124121399409113,-17.96461326742708
68,69.0,0.883813989187433,6.71839792275056,0.0,0.42485526630931086,0.3036462986344684,0.20827396059533435,0.7124121399409113,-17.96461326742708
69,70.0,0.9390180825334036,9.16140758176934,0.0,0.450123426922331,0.3036462986344684,0.20827396059533435,0.7124121399409113,-17.96461326742708
70,71.0,0.06125485707371969,6.339362506970424,0.06125485707371969,6.339362506970424,2.672375940328279,0.6178737666186099,-2.220446049250313e-16,-2.7405954493294002
71,72.0,0.5164094134657193,6.393765281199702,0.0,0.4043171193343876,0.3036462986344684,0.20827396059533435,0.7124121399409113,-17.96461326742708
72,73.0,0.10441222766550196,8.949437178420393,0.10441222766550196,8.949437178420393,2.672375940328279,0.6178737666186099,-2.220446049250313e-16,-2.7405954493294002
73,74.0,0.5485608451629053,4.5952251485599085,0.16058397230355545,0.4948134981728386,0.0618674225255618,0.09401171851390336,0.9335695189008536,-29.10070175216908
74,75.0,0.15004610021756049,9.045449263260323,0.15004610021756049,9.045449263260323,2.672375940328279,0.6178737666186099,-2.220446049250313e-16,-2.7405954493294002
75,76.0,0.057233797097042016,3.1396903057874352,0.057233797097042016,3.1396903057874352,2.6723759403282785,0.6178737666186098,1.1102230246251565e-16,-2.740595449329401
76,77.0,0.642554342083162,6.424704454111179,0.0,0.4048556855503268,0.3036462986344684,0.20827396059533435,0.7124121399409113,-17.96461326742708
77,78.0,0.8239576792901999,2.7850654102372387,0.1605838871496627,0.494813929133687,0.06186742252644247,0.09401171851457249,0.9335694918822598,-29.10070175206944
78,79.0,0.12557648587505155,4.599841186272226,0.12557648587505155,4.599841186272226,2.6723759403273624,0.617873766618504,4.674038933671909e-13,-2.740595449331801
79,80.0,0.5221344793442361,6.880099904091209,0.0,0.37231988220160595,0.3036462986344684,0.20827396059533435,0.7124121399409113,-17.96461326742708
80,81.0,0.1952064723706075,4.0621087344371585,0.19524581867462093,4.062106336355411,2.6723754624036165,0.617873711368688,2.2621329154315362e-07,-2.7405967012015218
81,82.0,0.8613966365810495,9.834516917258115,0.1605839811927737,0.4948135978217934,0.06186742252552774,0.09401171851387748,0.933569512642621,-29.100701752172938
82,83.0,0.07829349527810459,3.588823651865817,0.07829349527810459,3.588823651865817,2.672375940328269,0.6178737666186087,4.9960036108132044e-15,-2.740595449329425
83,84.0,0.6224586018127467,7.684159973921843,0.16058397896275073,0.494813534186576,0.061867422525534545,0.09401171851388265,0.9335695166377747,-29.100701752172164
84,85.0,0.2848245408708503,0.699644192678644,0.16058394482325397,0.49481362042488186,0.061867422525559206,0.09401171851390137,0.9335695112377601,-29.10070175216937
85,86.0,0.0007438456343359379,6.8339231749191605,0.0007438456343359379,6.8339231749191605,2.672375940328279,0.6178737666186099,-2.220446049250313e-16,-2.7405954493294002
86,87.0,0.22667798154965757,0.41063170539462485,0.16058333260029714,0.4948130706578669,0.06186742253017073,0.09401171851740517,0.933569545976798,-29.100701751647605
87,88.0,0.426391919306521,4.084109642671852,0.16058397539466934,0.4948136680699706,0.06186742252558123,0.09401171851391807,0.9335695082354374,-29.100701752166877
88,89.0,0.5987214550877324,9.917533045076109,0.5987630218375656,9.917530336132153,2.6723743014880417,0.6178735771623791,4.735626185636832e-07,-2.7405997420956254
89,90.0,0.3414636708659202,0.8264227357695567,0.1605841126627951,0.4948135479481347,0.06186742252563924,0.09401171851396217,0.9335695157226439,-29.10070175216032
90,91.0,0.3734884249327165,7.38692067285014,0.3734884249327165,7.38692067285014,2.6723757876742193,0.6178737489712163,5.752637166622776e-08,-2.7405958491902247
91,92.0,0.4660743245450639,2.191821487700139,0.0,0.36195263520335375,0.3036462986344684,0.20827396059533435,0.7124121399409113,-17.96461326742708
92,93.0,0.32739454763740927,8.308809983929628,0.32739454763740927,8.308809983929628,2.6723759395481697,0.6178737665284263,3.11974113209601e-10,-2.740595451372812
93,94.0,0.7320772113388803,8.558003129574079,0.0,0.4731632830321786,0.3036462986344684,0.20827396059533435,0.7124121399409113,-17.96461326742708
94,95.0,0.24178207922523787,5.465053106653761,0.24178207922523787,5.465053106653761,2.672375907895343,0.6178737628692383,1.4492580580061087e-08,-2.7405955342839707
95,96.0,0.01947635466916997,0.24829783557359975,0.16058350768172194,0.49481314122624415,0.06186742252831358,0.09401171851599412,0.9335695414818945,-29.100701751857727
96,97.0,0.8882215846493252,2.629915896234457,0.0,0.4124050612688578,0.3036462986344684,0.20827396059533435,0.7124121399409113,-17.96461326742708
97,98.0,0.8428908878637026,8.534032710250337,0.0,0.4732089987414668,0.3036462986344684,0.20827396059533435,0.7124121399409113,-17.96461326742708
98,99.0,0.2549940087398682,7.875563560732269,0.2549940087398682,7.875563560732269,2.6723759403215004,0.6178737666178262,2.978284285859445e-12,-2.740595449347155
99,100.0,0.040395441785230135,0.453608491099245,0.16058393319289765,0.4948134705020758,0.061867422525614016,0.09401171851394302,0.9335695206526636,-29.100701752163175
100,101.0,0.395660246747627,7.202944039704882,0.395686581237785,7.202942396574795,2.672375291659117,0.6178736916299685,2.3765842427359019e-07,-2.74059714844838
101,102.0,0.5108779718987565,3.229613579842659,0.1605839693032944,0.49481357320790403,0.061867422525528244,0.09401171851387785,0.9335695141921547,-29.100701752172874
102,103.0,0.5588366412428435,2.1091358284236037,0.16058348344813703,0.4948133243654433,0.06186742252784309,0.09401171851563664,0.9335695299956341,-29.100701751910968
103,104.0,0.30990881026739636,0.6910976169242357,0.16058396596677801,0.494813715775521,0.061867422525656836,0.09401171851397552,0.9335695052446069,-29.100701752158322
104,105.0,0.8776853571246641,0.4420306652769329,0.0,0.45956240833735046,0.3036462986344684,0.20827396059533435,0.7124121399409113,-17.96461326742708
105,106.0,0.8396178002045134,5.730253487559052,0.160583845828194,0.49481335000068555,0.06186742252597337,0.09401171851421604,0.9335695282496638,-29.10070175212251
106,107.0,0.0853828775121418,5.549115366289757,0.0853828775121418,5.549115366289757,2.672375940328279,0.6178737666186099,-2.220446049250313e-16,-2.7405954493294002
107,108.0,0.8970464911097392,8.5246890866541,0.0,0.47321240011555094,0.3036462986344684,0.20827396059533435,0.7124121399409113,-17.96461326742708
108,109.0,0.962539614343864,4.032613652240741,0.16058399956619418,0.49481365981391295,0.06186742252556575,0.09401171851390636,0.9335695087444095,-29.100701752168632
109,110.0,0.6988579496085502,0.7221931134774715,0.16058360641221836,0.49481372177718486,0.06186742252694735,0.09401171851495607,0.9335695050042386,-29.100701752012313
110,111.0,0.7347052668660489,8.74886451397871,0.16058403819087053,0.49481368640901013,0.06186742252560567,0.09401171851393665,0.933569507060257,-29.100701752164113
111,112.0,0.04864690014912543,8.208976506636743,0.04864690014912543,8.208976506636743,2.672375940328279,0.6178737666186099,-2.220446049250313e-16,-2.7405954493294002
112,113.0,0.193622174697487,3.1870167043363815,0.16058410131413203,0.4948139136323938,0.06186742252626835,0.09401171851444012,0.9335694927733585,-29.100701752089137
113,114.0,0.9537892434695776,1.7504556778884133,0.0,0.42778762392231207,0.3036462986344684,0.20827396059533435,0.7124121399409113,-17.96461326742708
114,115.0,0.7683715113395568,2.846267887579507,0.16058395006428694,0.4948135267555458,0.06186742252555143,0.09401171851389549,0.9335695171152665,-29.100701752170252
115,116.0,0.7694981127303091,6.776876408462658,0.0,0.4026127457479987,0.3036462986344684,0.20827396059533435,0.7124121399409113,-17.96461326742708
116,117.0,0.12782317692631817,9.929723305048036,0.12782317692631817,9.929723305048036,2.672375940328279,0.6178737666186099,-2.220446049250313e-16,-2.7405954493294002
117,118.0,0.19612944277047117,7.733548964851215,0.19612944277047117,7.733548964851215,2.6723759403282754,0.6178737666186095,1.7763568394002505e-15,-2.7405954493294082
118,119.0,0.072739371520667,5.681125776274888,0.072739371520667,5.681125776274888,2.672375940328279,0.6178737666186099,-2.220446049250313e-16,-2.7405954493294002
119,120.0,0.8757499952144105,7.756046011207936,0.16058286452370676,0.4948145903209462,0.06186742254368041,0.09401171852766953,0.9335694507579448,-29.10070175011905
120,121.0,0.47180324839586574,7.816942136435415,0.47187736688502874,7.8169371626362345,2.6723735722230404,0.6178734928565233,7.901170941959634e-07,-2.740601652327924
121,122.0,0.4151432081748432,0.4857416024466861,0.16058405213499422,0.49481358771911205,0.06186742252554702,0.0940117185138921,0.9335695132495546,-29.10070175217075
122,123.0,0.9357217265960336,1.5600886106463103,0.16058399557499983,0.4948135688067498,0.06186742252552267,0.09401171851387363,0.9335695144583516,-29.100701752173507
123,124.0,0.7322574589648045,2.2808816818543054,0.0,0.4124050612688578,0.3036462986344684,0.20827396059533435,0.7124121399409113,-17.96461326742708
124,125.0,0.4034957923049536,9.37008792912295,0.4034957923049536,9.37008792912295,2.672375936212333,0.6178737661427908,1.4932602931949646e-09,-2.7405954601106757
125,126.0,0.7506404070636313,6.472493025766596,0.0,0.4054237164138899,0.3036462986344684,0.20827396059533435,0.7124121399409113,-17.96461326742708
126,127.0,0.1798993569366949,7.87491560226969,0.1798993569366949,7.87491560226969,2.672375940328279,0.6178737666186099,-2.220446049250313e-16,-2.7405954493294002
127,128.0,0.785413133613782,4.923168379780269,0.0,0.4902732821601994,0.3036462986344684,0.20827396059533435,0.7124121399409113,-17.96461326742708
128,129.0,0.5882715698829082,4.007077446390335,0.16058392366351745,0.49481381136779146,0.06186742252593126,0.09401171851418406,0.9335694992604916,-29.10070175212728
129,130.0,0.9948060884531725,8.50568331943937,0.0,0.47320876743179435,0.3036462986344684,0.20827396059533435,0.7124121399409113,-17.96461326742708
130,131.0,0.1478224827732919,2.9452952423825662,0.1605838853075225,0.4948139731017726,0.06186742252665738,0.09401171851473576,0.9335694891230786,-29.10070175204512
131,132.0,0.9600309494086712,6.745912758122973,0.0,0.40222711854191295,0.3036462986344684,0.20827396059533435,0.7124121399409113,-17.96461326742708
132,133.0,0.26574904720461157,6.336839186474661,0.26574904720461157,6.336839186474661,2.6723759336067623,0.6178737658415768,2.9124527234358766e-09,-2.7405954669356865
133,134.0,0.13786571448720375,7.288241114296802,0.13786571448720375,7.288241114296802,2.672375940328279,0.6178737666186099,-2.220446049250313e-16,-2.7405954493294002
134,135.0,0.22584508371817558,2.576038116006904,0.1605839178483988,0.49481381880252384,0.06186742252596298,0.09401171851420816,0.933569498796034,-29.10070175212369
135,136.0,0.6777813593995258,4.113356421095224,0.0,0.33374278606651675,0.3036462986344684,0.20827396059533435,0.7124121399409113,-17.96461326742708
136,137.0,0.31101484376484845,6.411624706281987,0.31101484376484845,6.411624706281987,2.672375835255389,0.6178737544717818,4.292501742941823e-08,-2.740595724556486
137,138.0,0.6045385109291393,2.5314076142038013,0.0,0.438851892269339,0.3036462986344684,0.20827396059533435,0.7124121399409113,-17.96461326742708
138,139.0,0.837292929302528,1.0831377574215346,0.16058398887622907,0.49481356135324017,0.06186742252552393,0.09401171851387455,0.9335695149287644,-29.100701752173364
139,140.0,0.7840530256385878,9.233559521960172,0.0,0.4877839854774577,0.3036462986344684,0.20827396059533435,0.7124121399409113,-17.96461326742708
140,141.0,0.7633700013093286,7.442389864391014,0.0,0.4413390351063835,0.3036462986344684,0.20827396059533435,0.7124121399409113,-17.96461326742708
141,142.0,0.035160229817002064,6.787993092455301,0.035160229817002064,6.787993092455301,2.672375940328279,0.6178737666186099,-2.220446049250313e-16,-2.7405954493294002
142,143.0,0.278697887728545,7.458517184586299,0.278697887728545,7.458517184586299,2.672375940016619,0.6178737665825808,1.3279466415383467e-10,-2.740595450145759
143,144.0,0.1415389939303272,8.245168636192794,0.1415389939303272,8.245168636192794,2.672375940328279,0.6178737666186099,-2.220446049250313e-16,-2.7405954493294002
144,145.0,0.7624486774590284,0.8920050205437897,0.1605839986323057,0.49481370218075554,0.06186742252562086,0.09401171851394821,0.9335695060854406,-29.100701752162394
145,146.0,0.06987048704588761,9.264761728216468,0.06987048704588761,9.264761728216468,2.672375940328279,0.6178737666186099,-2.220446049250313e-16,-2.7405954493294002
146,147.0,0.09229650424723179,2.617466985986129,0.09230751765964187,2.6174663642612312,2.6723758831658286,0.6178737600104119,2.997756198830359e-08,-2.7405955990602626
147,148.0,0.24664695036055528,4.9999116239983845,0.24666800018911325,4.999910380548589,2.6723756294463517,0.6178737306794686,1.3805368292985065e-07,-2.740596263651061
148,149.0,0.10128061321436022,7.74260537061404,0.10128061321436022,7.74260537061404,2.672375940328279,0.6178737666186099,-2.220446049250313e-16,-2.7405954493294002
149,150.0,0.7509724856728891,6.286951443510231,0.0,0.4017692797526827,0.3036462986344684,0.20827396059533435,0.7124121399409113,-17.96461326742708
150,151.0,0.8069356528532468,5.247676207957684,0.1605843766244022,0.4948132520270984,0.061867422527491334,0.09401171851536935,0.9335695341946166,-29.100701751950766
151,152.0,0.25663172997971606,1.0761940207336096,0.1605839911074722,0.49481357061724696,0.061867422525522756,0.0940117185138737,0.9335695143464202,-29.100701752173492
152,153.0,0.8239217921503051,6.7587676138794075,0.0,0.40210038607223736,0.3036462986344684,0.20827396059533435,0.7124121399409113,-17.96461326742708
153,154.0,0.2406695715791093,3.0768564137074725,0.16058395868350556,0.49481379173502954,0.06186742252583328,0.09401171851410961,0.9335695004794616,-29.100701752138363
154,155.0,0.944957133289981,5.167126622287673,0.16058399313609178,0.49481357302675866,0.061867422525522506,0.09401171851387348,0.9335695141944014,-29.100701752173528
155,156.0,0.3777777283681941,3.6925291002076803,0.1605838327020395,0.49481354111446485,0.061867422525736626,0.09401171851403615,0.9335695162587294,-29.1007017521493
156,157.0,0.5979233563518891,7.753137672488261,0.16058395846297546,0.4948135611770817,0.061867422525534524,0.09401171851388264,0.9335695149514609,-29.100701752172164
157,158.0,0.8526228704773585,3.664814271841167,0.16058404357829173,0.4948135745473318,0.06186742252554011,0.09401171851388686,0.9335695140796147,-29.10070175217154
158,159.0,0.6718344585943838,7.736403577610595,0.16058398612772937,0.49481366745960736,0.0618674225255765,0.09401171851391453,0.9335695082696421,-29.100701752167417
159,160.0,0.7919789030238314,6.840035559684817,0.0,0.4418044871914609,0.3036462986344684,0.20827396059533435,0.7124121399409113,-17.96461326742708
160,161.0,0.870167291422104,1.1154785770325084,0.16058446695930034,0.4948135760870706,0.06186742252729049,0.09401171851521675,0.9335695138188945,-29.10070175197349
161,162.0,0.10302048705597777,9.279692928523287,0.10302048705597777,9.279692928523287,2.672375940328279,0.6178737666186099,-2.220446049250313e-16,-2.7405954493294002
162,163.0,0.839785481843641,4.040953866881261,0.1605839785886321,0.49481332361255836,0.06186742252591221,0.09401171851416958,0.93356952985528,-29.10070175212943
163,164.0,0.045807975275784396,4.788546072392819,0.045807975275784396,4.788546072392819,2.672375940328279,0.6178737666186099,-2.220446049250313e-16,-2.7405954493294002
164,165.0,0.679118977491406,0.983840984392515,0.16058401988084037,0.4948128865757922,0.06186742252848701,0.0940117185161259,0.9335695572709771,-29.100701751838102
165,166.0,0.43398571641897377,0.008702195057255975,0.16058398924129402,0.49481369038659884,0.061867422525605106,0.09401171851393625,0.9335695068293446,-29.100701752164184
166,167.0,0.7413989261144492,5.724936673519746,0.0,0.39035949867124675,0.3036462986344684,0.20827396059533435,0.7124121399409113,-17.96461326742708
167,168.0,0.6997274121057089,2.007709161429255,0.16058400582448057,0.4948135746979334,0.061867422525523096,0.09401171851387395,0.9335695140846426,-29.100701752173457
168,169.0,0.7875643214774739,6.235368431584709,0.0,0.3998931595585792,0.3036462986344684,0.20827396059533435,0.7124121399409113,-17.96461326742708
169,170.0,0.39519871922341476,3.983622151139588,0.16058398141301836,0.49481342215984453,0.06186742252566707,0.09401171851398332,0.9335695236685759,-29.10070175215717
170,171.0,0.007625415916183265,1.8106419263322395,0.007625415916183265,1.8106419263322395,2.672375940328279,0.6178737666186099,-2.220446049250313e-16,-2.7405954493294002
171,172.0,0.04611749169944501,2.7265571415843026,0.04611749169944501,2.7265571415843026,2.672375940328279,0.6178737666186098,1.1102230246251565e-16,-2.7405954493294002
172,173.0,0.6789564642119505,8.881023241503424,0.16058447879043794,0.4948133741510531,0.061867422527763595,0.09401171851557626,0.9335695264893056,-29.100701751919956
173,174.0,0.41125569923529715,2.4134729591676027,0.0,0.4124050612688578,0.3036462986344684,0.20827396059533435,0.7124121399409113,-17.96461326742708
174,175.0,0.7144842155202266,4.426928611712482,0.0,0.44575997661785954,0.3036462986344684,0.20827396059533435,0.7124121399409113,-17.96461326742708
175,176.0,0.10789114504129271,3.111899427023883,0.10789114504129271,3.111899427023883,2.672375932613864,0.617873765726794,3.99668054207325e-09,-2.7405954695364763
176,177.0,0.03353077889652056,0.43054187093514845,0.1605840520793178,0.49481360449985645,0.06186742252554997,0.09401171851389435,0.9335695121962706,-29.100701752170416
177,178.0,0.25379148725103684,0.18928129836093122,0.1605843344344416,0.4948134753619825,0.061867422526542926,0.0940117185146488,0.9335695201928963,-29.10070175205807
178,179.0,0.6334241744661169,1.6974728001769916,0.0,0.39834849720373017,0.3036462986344684,0.20827396059533435,0.7124121399409113,-17.96461326742708
179,180.0,0.8797521182960589,0.4614969454717573,0.0,0.47253396144872706,0.3036462986344684,0.20827396059533435,0.7124121399409113,-17.96461326742708
180,181.0,0.5620878589222986,9.371701804340676,0.5621312908468037,9.371698962169967,2.6723743328892655,0.617873580792482,4.834146193344324e-07,-2.740599659843462
181,182.0,0.8250733423197222,5.899261276468466,0.0,0.3993617741462071,0.3036462986344684,0.20827396059533435,0.7124121399409113,-17.96461326742708
182,183.0,0.8476895872689016,9.900579151038196,0.16058385179836093,0.4948134544986068,0.061867422525757096,0.09401171851405173,0.9335695216882266,-29.100701752146982
183,184.0,0.6174922401971477,2.123662485372571,0.1605839922938471,0.494813570733884,0.06186742252552264,0.09401171851387362,0.9335695143386447,-29.100701752173514
184,185.0,0.3348398227954734,7.727810733578241,0.3348398227954734,7.727810733578241,2.672375932994828,0.6178737657708347,2.9045229554824914e-09,-2.740595468538582
185,186.0,0.25963245574901794,8.234752261854364,0.25963245574901794,8.234752261854364,2.6723759403255056,0.6178737666182894,1.2109202529586582e-12,-2.7405954493366638
186,187.0,0.8540011156580507,8.14250834675303,0.0,0.37367120569860335,0.3036462986344684,0.20827396059533435,0.7124121399409113,-17.96461326742708
187,188.0,0.6109656121109373,3.910046745422321,0.1605843651958882,0.49481331219757535,0.06186742252716939,0.09401171851512474,0.933569530422345,-29.100701751987188
188,189.0,0.269699020479398,2.6498861321010376,0.16058355621194897,0.4948141782050232,0.06186742252967484,0.09401171851702839,0.933569476372828,-29.10070175170371
189,190.0,0.5563232773669347,9.328644965296842,0.5563640003472733,9.328642256352886,2.672374456920093,0.6178735951309243,4.4897983297875754e-07,-2.740599334957925
190,191.0,0.21240518793365804,1.2367919261102986,0.16058350010728664,0.49481389084712757,0.06186742252831695,0.09401171851599668,0.9335694944315616,-29.10070175185735
191,192.0,0.07515148365586644,9.725852301805416,0.07515148365586644,9.725852301805416,2.672375940328279,0.6178737666186099,-2.220446049250313e-16,-2.7405954493294002
192,193.0,0.37980412885366743,4.723264367980213,0.1605835005955764,0.4948130211815838,0.061867422529019424,0.09401171851653035,0.9335695490194997,-29.10070175177787
193,194.0,0.40116110806841165,9.72047040038886,0.40116110806841165,9.72047040038886,2.6723759388085826,0.6178737664429272,5.529620095146015e-10,-2.74059545331008
194,195.0,0.1169591868100861,6.359694441303863,0.1169591868100861,6.359694441303863,2.672375940328279,0.6178737666186099,-2.220446049250313e-16,-2.7405954493294002
195,196.0,0.5671523423468307,1.7429921222342177,0.16058399440855337,0.49481357713830776,0.06186742252552239,0.09401171851387341,0.9335695139358373,-29.100701752173535
196,197.0,0.904434448761737,8.370554145618803,0.0,0.470458424214791,0.3036462986344684,0.20827396059533435,0.7124121399409113,-17.96461326742708
197,198.0,0.4464487095050901,0.43824514099429224,0.1605839901290084,0.4948135690467083,0.061867422525522936,0.09401171851387378,0.9335695144453757,-29.100701752173478
198,199.0,0.3444482612870564,8.25164357501463,0.3444482612870564,8.25164357501463,2.6723759374886926,0.6178737662903429,1.1107561537215815e-09,-2.7405954567673882
199,200.0,0.8979473637773696,2.5054092491260187,0.0,0.4617202508879435,0.3036462986344684,0.20827396059533435,0.7124121399409113,-17.96461326742708
200,201.0,0.8890062485380487,4.362428851752259,0.0,0.4236955132563851,0.3036462986344684,0.20827396059533435,0.7124121399409113,-17.96461326742708
201,202.0,0.9026723622479054,8.262860847349641,0.0,0.46535335442092063,0.3036462986344684,0.20827396059533435,0.7124121399409113,-17.96461326742708
202,203.0,0.4952501451251743,2.827974716011025,0.160583938479757,0.49481365704954344,0.061867422525596516,0.09401171851392968,0.9335695089412901,-29.10070175216515
203,204.0,0.7667948188721673,3.091943617363763,0.1605839613222402,0.4948138199233478,0.06186742252591254,0.09401171851416981,0.9335694987090861,-29.100701752129396
204,205.0,0.15493224408423767,4.7960849812596456,0.15493224408423767,4.7960849812596456,2.672375940264181,0.6178737666112,3.175293361579179e-11,-2.740595449497297
205,206.0,0.706305191597171,8.104066109001325,0.16058397590022241,0.4948128861168112,0.06186742252844901,0.09401171851609702,0.9335695573166829,-29.100701751842408
206,207.0,0.33777076181741483,6.581864516253376,0.33778377363127027,6.581863761301715,2.672375679546735,0.6178737364712649,1.0289306784372343e-07,-2.7405961324185073
207,208.0,0.39777297090540287,9.103620449326867,0.39777297090540287,9.103620449326867,2.6723759343932825,0.6178737659325015,2.168748625130945e-09,-2.740595464875481
208,209.0,0.2898760606419366,5.445479763542698,0.28991975902020883,5.445476965780659,2.6723751348414613,0.617873673501245,3.382334284873778e-07,-2.740597559215396
209,210.0,0.4992268673499092,8.687447187624551,0.4992562216466957,8.687445322450024,2.6723750076278496,0.6178736587948623,3.0129481265461777e-07,-2.7405978924378136
210,211.0,0.9166961370669614,3.5479490596246674,0.16058391781501744,0.49481361522150014,0.061867422525585684,0.09401171851392148,0.933569511574685,-29.100701752166373
211,212.0,0.725858125242994,2.063644557284476,0.0,0.4124050612688578,0.3036462986344684,0.20827396059533435,0.7124121399409113,-17.96461326742708
212,213.0,0.3740324795406238,7.771737749630747,0.3740324795406238,7.771737749630747,2.6723758843598824,0.6178737601484491,2.107657248728856e-08,-2.740595595932568
213,214.0,0.1833912212803792,7.051796831608869,0.1833912212803792,7.051796831608869,2.6723759403282648,0.6178737666186084,6.772360450213455e-15,-2.7405954493294367
214,215.0,0.9901883680027773,6.090194103336883,0.0,0.39270112850261796,0.3036462986344684,0.20827396059533435,0.7124121399409113,-17.96461326742708
215,216.0,0.9993215285147362,2.2521909224995813,0.0,0.4124050612688578,0.3036462986344684,0.20827396059533435,0.7124121399409113,-17.96461326742708
216,217.0,0.6801001336610195,4.184887906821901,0.0,0.4073200271614316,0.3036462986344684,0.20827396059533435,0.7124121399409113,-17.96461326742708
217,218.0,0.326431588671634,8.677494121652481,0.326431588671634,8.677494121652481,2.672375940092492,0.6178737665913521,9.44119227241913e-11,-2.7405954499470173
218,219.0,0.3314399934572815,4.380547224746488,0.0,0.42184658241727635,0.3036462986344684,0.20827396059533435,0.7124121399409113,-17.96461326742708
219,220.0,0.5741888225149973,5.254958862418537,0.16058399984898078,0.49481352834144626,0.061867422525536585,0.09401171851388422,0.933569516996665,-29.100701752171936
220,221.0,0.9939746702499462,7.064003474628388,0.0,0.43405683949660906,0.3036462986344684,0.20827396059533435,0.7124121399409113,-17.96461326742708
221,222.0,0.33036396512306576,9.977596950524603,0.33036396512306576,9.977596950524603,2.672375940322153,0.6178737666179017,2.4401591858236316e-12,-2.740595449345445
222,223.0,0.6558319536524128,4.703620768897758,0.16058400153307867,0.4948136033602698,0.06186742252552708,0.09401171851387698,0.9335695122871882,-29.10070175217301
223,224.0,0.9267936458482142,3.947541220475798,0.16058398484723227,0.4948135738360024,0.061867422525523456,0.0940117185138742,0.9335695141467805,-29.10070175217342
224,225.0,0.826726181076036,2.7518147161364674,0.16058391379321035,0.4948130265890175,0.06186742252738166,0.09401171851528606,0.9335695485234989,-29.10070175196317
225,226.0,0.5305872901496598,8.673507871801029,0.5306549693449009,8.673503253273628,2.6723735095079144,0.6178734856064114,7.573268968608105e-07,-2.740601816603566
226,227.0,0.20912452308498042,5.2193137952288415,0.20912452308498042,5.2193137952288415,2.6723759348173717,0.617873765981528,2.5651329949027968e-09,-2.7405954637646257
227,228.0,0.9530837871331034,2.2019949687485276,0.0,0.4124050612688578,0.3036462986344684,0.20827396059533435,0.7124121399409113,-17.96461326742708
228,229.0,0.3837986679984241,5.212847112433276,0.16058397995344315,0.4948127990500105,0.06186742252923949,0.09401171851669761,0.933569562779988,-29.100701751752965
229,230.0,0.9584148290841634,7.051215659724972,0.0,0.42945438349929405,0.3036462986344684,0.20827396059533435,0.7124121399409113,-17.96461326742708
230,231.0,0.43960031702209346,2.3640485894425356,0.16058403123134235,0.4948135578683267,0.06186742252553478,0.09401171851388283,0.9335695151312714,-29.100701752172142
231,232.0,0.2976281569597826,0.6292360041193511,0.16058395199341854,0.4948135245334599,0.061867422525551385,0.09401171851389546,0.933569517254006,-29.100701752170252
232,233.0,0.06189350977989472,2.9604773874124573,0.06189350977989472,2.9604773874124573,2.6723759403282417,0.6178737666186055,1.9872992140790302e-14,-2.740595449329497
233,234.0,0.34937629386504343,6.114514415604201,0.3494513005326266,6.114509397396099,2.672374191711472,0.6178735644717837,6.795982244733878e-07,-2.7406000296436694
234,235.0,0.08147999472965628,6.4452032554318714,0.08147999472965628,6.4452032554318714,2.672375940328279,0.6178737666186099,-2.220446049250313e-16,-2.7405954493294002
235,236.0,0.11758272881310472,0.5439171166972645,0.16058399052518083,0.49481357062731085,0.06186742252552279,0.09401171851387373,0.9335695143460115,-29.100701752173492
236,237.0,0.7033782943226102,9.829476764678242,0.1605840081660005,0.49481350989824363,0.06186742252555131,0.09401171851389536,0.9335695181511295,-29.100701752170266
237,238.0,0.05797672196879655,9.514017059105615,0.05797672196879655,9.514017059105615,2.672375940328279,0.6178737666186099,-2.220446049250313e-16,-2.7405954493294002
238,239.0,0.22633300201653006,2.1206382233689687,0.0,0.4124050612688578,0.3036462986344684,0.20827396059533435,0.7124121399409113,-17.96461326742708
239,240.0,0.16103503616959047,8.939075062306232,0.16103503616959047,8.939075062306232,2.672375940328279,0.6178737666186099,-2.220446049250313e-16,-2.7405954493294002
240,241.0,0.49142100574185144,5.753314209046062,0.0,0.3929888303159387,0.3036462986344684,0.20827396059533435,0.7124121399409113,-17.96461326742708
241,242.0,0.9734170013152548,9.274464829471352,0.1605841077999417,0.4948134998289049,0.061867422525668396,0.09401171851398434,0.9335695187448815,-29.100701752157022
242,243.0,0.840555401309175,9.00757622967028,0.0,0.4804218153894369,0.3036462986344684,0.20827396059533435,0.7124121399409113,-17.96461326742708
243,244.0,0.2874238685204047,6.7933104694620745,0.2874238685204047,6.7933104694620745,2.672375933870685,0.6178737658720873,2.7204475339104306e-09,-2.7405954662443692
244,245.0,0.5851202427759379,1.9801838223751715,0.16058404639026844,0.49481307560810867,0.061867422527123565,0.09401171851508996,0.9335695453958502,-29.100701751992375
245,246.0,0.4200026027345277,8.455832226979515,0.4200026027345277,8.455832226979515,2.6723758570612866,0.617873756992627,2.959344480579773e-08,-2.740595667438292
246,247.0,0.5672418574570225,2.8061043409294064,0.1605840427235031,0.49481374009445306,0.061867422525696096,0.09401171851400542,0.9335695036887317,-29.10070175215389
247,248.0,0.14595599837371687,8.325966098015613,0.14595599837371687,8.325966098015613,2.672375940328279,0.6178737666186099,-2.220446049250313e-16,-2.7405954493294002
248,249.0,0.4780975297084935,3.143718025303638,0.1605838886843801,0.49481374763233377,0.06186742252582304,0.09401171851410184,0.9335695032744699,-29.10070175213952
249,250.0,0.9279684565425452,9.263927262312984,1.1102230246251565e-16,0.35269509930143506,0.3036462986344684,0.20827396059533435,0.7124121399409113,-17.96461326742708
250,251.0,0.907838206140487,6.880027155658589,0.1605841824456186,0.494813477969929,0.06186742252588228,0.09401171851414689,0.9335695200881333,-29.10070175213282
251,252.0,0.7628274160494962,3.5209449707387956,0.16058359563307725,0.49481373256806405,0.06186742252704365,0.09401171851502924,0.9335695043309502,-29.100701752001413
252,253.0,0.5155688634809431,7.899455381158461,0.0,0.45647473158961605,0.3036462986344684,0.20827396059533435,0.7124121399409113,-17.96461326742708
253,254.0,0.7213100639991575,7.564674723415875,0.0,0.4399336705679382,0.3036462986344684,0.20827396059533435,0.7124121399409113,-17.96461326742708
254,255.0,0.4378235802348929,4.857983297791345,0.16058400723444136,0.4948136938827518,0.06186742252560783,0.0940117185139383,0.9335695066030043,-29.10070175216387
255,256.0,0.9401972150293296,5.644894384068114,0.1605844724976109,0.4948132379898104,0.06186742252825552,0.09401171851595003,0.9335695350382105,-29.1007017518643
256,257.0,0.7190287878825946,6.665211118043159,0.0,0.4428999815088037,0.3036462986344684,0.20827396059533435,0.7124121399409113,-17.96461326742708
257,258.0,0.7245355062681844,1.0948834308811954,0.0,0.4435109581009061,0.3036462986344684,0.20827396059533435,0.7124121399409113,-17.96461326742708
258,259.0,0.7568769354644318,5.951960624668565,0.0,0.3891851360148116,0.3036462986344684,0.20827396059533435,0.7124121399409113,-17.96461326742708
259,260.0,0.8169046635030979,5.795196338495363,0.0,0.3983763573167674,0.3036462986344684,0.20827396059533435,0.7124121399409113,-17.96461326742708
260,261.0,0.6489887131301431,3.4353301424520715,0.16058404741304827,0.49481370573656536,0.0618674225256386,0.09401171851396169,0.9335695058435466,-29.10070175216039
261,262.0,0.6403391130405314,7.780941445793986,0.16058368821571745,0.49481298181349737,0.0618674225282174,0.09401171851592098,0.9335695514197885,-29.100701751868613
262,263.0,0.9266121288761513,5.5843039537619426,0.16058413628035276,0.49481344427756063,0.06186742252581022,0.09401171851409211,0.9335695222207608,-29.10070175214097
263,264.0,0.21895736450912429,6.495830948166812,0.21895736450912429,6.495830948166812,2.672375940287396,0.6178737666138837,1.88005166990024e-11,-2.740595449436487
264,265.0,0.46375537337588835,7.054855477592251,0.0,0.4247488753110631,0.3036462986344684,0.20827396059533435,0.7124121399409113,-17.96461326742708
265,266.0,0.10879657049801272,9.10839135098271,0.10879657049801272,9.10839135098271,2.672375940328279,0.6178737666186099,-2.220446049250313e-16,-2.7405954493294002
266,267.0,0.43342927818637844,7.584889938829629,0.43346835803686584,7.5848874075211175,2.672374849738148,0.6178736405422053,3.81208524080634e-07,-2.7405983060129815
267,268.0,0.6829646303368534,7.109982735739597,0.16058435521072914,0.4948132451577464,0.06186742252738674,0.0940117185152899,0.9335695346341358,-29.100701751962603
268,269.0,0.36867975056406466,8.275552504525574,0.36867975056406466,8.275552504525574,2.6723759294178935,0.6178737653573274,4.136825437761615e-09,-2.7405954779079753
269,270.0,0.15787889842301894,3.3667409756799676,0.16058393635003304,0.49481356659916786,0.06186742252555109,0.09401171851389518,0.933569514619576,-29.100701752170295
270,271.0,0.6540045549277562,2.433135689936506,0.0,0.4417138440803667,0.3036462986344684,0.20827396059533435,0.7124121399409113,-17.96461326742708
271,272.0,0.7070456107478368,7.738469864685614,0.16058458146306412,0.4948134029503346,0.061867422528577624,0.09401171851619475,0.9335695246413491,-29.100701751827856
272,273.0,0.20185344939141558,3.4702786089666637,0.160583352358959,0.49481202086856263,0.061867422542443054,0.09401171852672946,0.9335696118608401,-29.10070175025905
273,274.0,0.14141503637993114,2.1452919809348105,0.0,0.4124050612688578,0.3036462986344684,0.20827396059533435,0.7124121399409113,-17.96461326742708
274,275.0,0.4726586147320103,6.562689810877389,0.0,0.41043288592969684,0.3036462986344684,0.20827396059533435,0.7124121399409113,-17.96461326742708
275,276.0,0.18989562046652952,8.052785321636213,0.18989562046652952,8.052785321636213,2.6723759403282785,0.6178737666186098,3.3306690738754696e-16,-2.740595449329401
276,277.0,0.5548624802008743,8.018378094126108,0.0,0.45040834869197754,0.3036462986344684,0.20827396059533435,0.7124121399409113,-17.96461326742708
277,278.0,0.052584562586709294,8.113583376773715,0.052584562586709294,8.113583376773715,2.672375940328279,0.6178737666186099,-2.220446049250313e-16,-2.7405954493294002
278,279.0,0.4102763769622525,7.131372897872157,0.4103274472214121,7.131369522794142,2.672374570366226,0.6178736082457348,4.927892670592016e-07,-2.74059903779788
279,280.0,0.6524286128145775,4.019387866997878,0.16058397133618552,0.4948135716166454,0.06186742252552741,0.09401171851387723,0.9335695142912581,-29.100701752172974
280,281.0,0.43694849367561994,3.251208828251344,0.16058399141067176,0.494813968951165,0.061867422526481496,0.09401171851460215,0.93356948934314,-29.10070175206502
281,282.0,0.21007027159948055,1.3655804365968713,0.16058399010211608,0.4948135712043369,0.06186742252552278,0.0940117185138737,0.9335695143099545,-29.100701752173492
282,283.0,0.388058333378715,7.311657019817472,0.3880736988653839,7.311656131639047,2.6723755826007007,0.6178737252639318,1.32330159496874e-07,-2.740596386358198
283,284.0,0.4008210832630872,9.712653724616041,0.4008210832630872,9.712653724616041,2.672375938807462,0.6178737664427976,5.53606160913489e-10,-2.7405954533130155
284,285.0,0.7620412438647702,3.9501144035062494,0.16058399957820435,0.49481380291328086,0.0618674225258406,0.09401171851411518,0.9335694997621696,-29.10070175213753
285,286.0,0.06891532189050675,7.307960370438935,0.06891532189050675,7.307960370438935,2.672375940328279,0.6178737666186099,-2.220446049250313e-16,-2.7405954493294002
286,287.0,0.6538789992761406,3.8501213565202597,0.16058399584133135,0.49481349791408674,0.06186742252555982,0.09401171851390187,0.9335695189080804,-29.100701752169307
287,288.0,0.12977361467425919,0.054749398788718144,0.16058410619951766,0.49481365810067224,0.06186742252564813,0.0940117185139689,0.9335695088110098,-29.10070175215931
288,289.0,0.9021679060299982,7.831452681088548,0.0,0.4562399232944777,0.3036462986344684,0.20827396059533435,0.7124121399409113,-17.96461326742708
289,290.0,0.18615286766459904,8.084941324092517,0.18615286766459904,8.084941324092517,2.672375940328279,0.6178737666186098,1.1102230246251565e-16,-2.7405954493294002
290,291.0,0.8431296643500568,5.413365440526712,0.0,0.3816536026392706,0.3036462986344684,0.20827396059533435,0.7124121399409113,-17.96461326742708
291,292.0,0.907114539919947,7.516482565523035,0.0,0.44460105097410785,0.3036462986344684,0.20827396059533435,0.7124121399409113,-17.96461326742708
292,293.0,0.8940760265333385,8.725995695569026,0.16058399853142816,0.49481358082259636,0.06186742252552257,0.0940117185138735,0.933569513703,-29.10070175217352
293,294.0,0.9078258749262307,6.527266224328798,0.0,0.41230620254832384,0.3036462986344684,0.20827396059533435,0.7124121399409113,-17.96461326742708
294,295.0,0.890727059539802,9.862896716379128,0.16058433021935892,0.4948139445786226,0.06186742252708723,0.09401171851506238,0.9335694907424547,-29.100701751996482
295,296.0,0.3291503426645752,8.081397848674024,0.3291503426645752,8.081397848674024,2.672375938570818,0.6178737664154408,7.012268543604705e-10,-2.7405954539328787
296,297.0,0.8374006153237361,6.744401339989169,0.16058413106446076,0.4948138656259607,0.06186742252613399,0.09401171851433805,0.9335694957752579,-29.100701752104342
297,298.0,0.5916350027743187,4.627477304972898,0.16058424014372338,0.49481379562245353,0.061867422526223216,0.09401171851440585,0.9335695001272291,-29.100701752094245
298,299.0,0.06824157640070194,8.670014779642777,0.06824157640070194,8.670014779642777,2.672375940328279,0.6178737666186099,-2.220446049250313e-16,-2.7405954493294002
299,300.0,0.9056660848791185,9.25170275336923,0.0,0.4105995667585147,0.3036462986344684,0.20827396059533435,0.7124121399409113,-17.96461326742708
300,301.0,0.8586168505391905,1.9631578762467363,0.16058398391090764,0.4948136437862206,0.06186742252555337,0.09401171851389696,0.9335695097564451,-29.100701752170032
301,302.0,0.5392669879468093,9.333093569293045,0.5392935000725041,9.333091881754187,2.6723750335707472,0.6178736617939611,2.797494640383036e-07,-2.7405978244831726
302,303.0,0.06435895845380535,2.475024703758798,0.06435895845380535,2.475024703758798,2.6723759400901663,0.6178737665910831,1.270634708561147e-10,-2.7405954499531093
303,304.0,0.6540085083146278,7.7649484833215405,0.16058398259750495,0.4948132460120456,0.06186742252619051,0.09401171851438106,0.9335695347245542,-29.10070175209794
304,305.0,0.781962957740845,8.568715167697594,0.0,0.4716037064739286,0.3036462986344684,0.20827396059533435,0.7124121399409113,-17.96461326742708
305,306.0,0.5287321861989637,0.7032923857316976,0.16058397016966797,0.4948135659767384,0.06186742252552816,0.09401171851387778,0.9335695146457144,-29.10070175217289
306,307.0,0.8096702812908387,9.086868429851357,0.0,0.48159277746669116,0.3036462986344684,0.20827396059533435,0.7124121399409113,-17.96461326742708
307,308.0,0.6185993107799838,1.322678983949021,0.16058398640324897,0.4948135723288863,0.06186742252552323,0.09401171851387406,0.9335695142407843,-29.100701752173443
308,309.0,0.4355098954160944,0.01563192868801566,0.16058400205857443,0.4948135746172732,0.061867422525522624,0.09401171851387359,0.9335695140911486,-29.100701752173514
309,310.0,0.7212224174217176,5.758736720016097,0.0,0.39480652875177585,0.3036462986344684,0.20827396059533435,0.7124121399409113,-17.96461326742708
310,311.0,0.8287894690227282,5.091319692018735,0.16058424627862014,0.4948133719012595,0.06186742252634665,0.09401171851449966,0.9335695267211291,-29.100701752080283
311,312.0,0.19861830942078007,4.95185765610023,0.19861830942078007,4.95185765610023,2.6723759332039343,0.6178737657950084,3.358569977685022e-09,-2.7405954679908513
312,313.0,0.03811994705960009,0.2231933350909456,0.16058368314574653,0.49481359262904984,0.06186742252631612,0.09401171851447647,0.9335695130818868,-29.10070175208373
313,314.0,0.8146610583416375,1.9312949623211626,0.16058409786511205,0.4948137245190867,0.061867422525720896,0.09401171851402423,0.9335695046452037,-29.100701752151075
314,315.0,0.8293421111640621,5.404577078167169,0.0,0.3815444719146382,0.3036462986344684,0.20827396059533435,0.7124121399409113,-17.96461326742708
315,316.0,0.08284792128077767,6.038013188597878,0.08284792128077767,6.038013188597878,2.672375940328279,0.6178737666186099,-2.220446049250313e-16,-2.7405954493294002
316,317.0,0.982871588251688,3.885163267605564,0.16058401668247432,0.49481504517185826,0.06186742253884192,0.09401171852399336,0.9335694217772016,-29.100701750666495
317,318.0,0.20096331879689433,3.1361244164931232,0.16058393883186403,0.494813653168712,0.06186742252559202,0.09401171851392631,0.9335695091847518,-29.100701752165662
318,319.0,0.038728808608906484,8.020572319678088,0.038728808608906484,8.020572319678088,2.672375940328279,0.6178737666186099,-2.220446049250313e-16,-2.7405954493294002
319,320.0,0.00027059765256176593,6.388340997550668,0.00027059765256176593,6.388340997550668,2.672375940328279,0.6178737666186099,-2.220446049250313e-16,-2.7405954493294002
320,321.0,0.07444166317218992,0.36570610814560744,0.16058397956360201,0.49481356885525263,0.06186742252552483,0.09401171851387524,0.9335695144614384,-29.100701752173265
321,322.0,0.9614534298260281,0.33670878932355625,0.1605840049796093,0.4948135654006013,0.06186742252552371,0.09401171851387437,0.9335695146685477,-29.100701752173393
322,323.0,0.37149949224819534,6.2718573910171225,0.0,0.40093801207279506,0.3036462986344684,0.20827396059533435,0.7124121399409113,-17.96461326742708
323,324.0,0.9248730780185999,5.615600032216134,0.16058413860017565,0.4948134461486168,0.06186742252581245,0.09401171851409375,0.9335695221024236,-29.100701752140715
324,325.0,0.6798385435906772,7.903939082506844,0.0,0.45521413867702887,0.3036462986344684,0.20827396059533435,0.7124121399409113,-17.96461326742708
325,326.0,0.4203568449869336,5.7213484631345555,1.1102230246251565e-16,0.37818079806564886,0.3036462986344684,0.20827396059533435,0.7124121399409113,-17.96461326742708
326,327.0,0.007250814835167763,6.388265763070281,0.007250814835167763,6.388265763070281,2.672375940328279,0.6178737666186099,-2.220446049250313e-16,-2.7405954493294002
327,328.0,0.18620473485083944,2.558470075237207,0.16058392058880464,0.49481405590535243,0.061867422527043636,0.09401171851502921,0.9335694839120383,-29.10070175200142
328,329.0,0.3025417478350705,8.361684006703298,0.3025417478350705,8.361684006703298,2.672375940226995,0.6178737666069011,4.183642321464731e-11,-2.740595449594701
329,330.0,0.009956469122713307,1.685501926063171,0.009956469122713307,1.685501926063171,2.672375940328279,0.6178737666186099,-2.220446049250313e-16,-2.7405954493294002
330,331.0,0.38019556908634333,9.542294838282977,0.38019556908634333,9.542294838282977,2.6723759396110025,0.6178737665356899,2.6799962249413056e-10,-2.740595451208227
331,332.0,0.3367582025126421,6.914954418315833,0.3367582025126421,6.914954418315833,2.67237584821602,0.6178737559700802,3.6391823221570974e-08,-2.7405956906075124
332,333.0,0.3237406375851345,3.055272815810956,0.16058397818459746,0.4948135859243565,0.06186742252552591,0.09401171851387607,0.9335695133905602,-29.100701752173137
333,334.0,0.05287437126055716,4.710038568249933,0.05287437126055716,4.710038568249933,2.672375940328279,0.6178737666186099,-2.220446049250313e-16,-2.7405954493294002
334,335.0,0.8314328175814245,8.20176344650727,0.0,0.46262128402671165,0.3036462986344684,0.20827396059533435,0.7124121399409113,-17.96461326742708
335,336.0,0.9272004981435494,0.7905001411749016,0.0,0.33905734412908595,0.3036462986344684,0.20827396059533435,0.7124121399409113,-17.96461326742708
336,337.0,0.9341835182124956,4.042571409022105,0.16058394099358472,0.4948142328868427,0.06186742252826729,0.09401171851595892,0.9335694727950118,-29.10070175186297
337,338.0,0.9149160438428083,9.04181187121586,0.0,0.48105724855143067,0.3036462986344684,0.20827396059533435,0.7124121399409113,-17.96461326742708
338,339.0,0.7251608983756459,8.140920802558737,0.1605839902702447,0.4948135634170804,0.061867422525523526,0.09401171851387428,0.9335695147986859,-29.100701752173407
339,340.0,0.24039739022402318,9.945961675188359,0.24039739022402318,9.945961675188359,2.6723759403282785,0.6178737666186098,3.3306690738754696e-16,-2.740595449329401
340,341.0,0.12701074120696254,1.9897204016295642,0.16058360787374057,0.4948133438537884,0.06186742252694064,0.09401171851495095,0.933569528725631,-29.100701752013073
341,342.0,0.28582481709812346,4.387556125575679,0.0,0.49895654924948674,0.3036462986344684,0.20827396059533435,0.7124121399409113,-17.96461326742708
342,343.0,0.9830701960719179,6.039920309781951,0.16058405414136345,0.4948135262382318,0.06186742252556789,0.09401171851390798,0.93356951710785,-29.10070175216839
343,344.0,0.43419435517658256,8.74681706277416,0.43419435517658256,8.74681706277416,2.6723758632799965,0.6178737577115336,2.69077036207932e-08,-2.740595651149053
344,345.0,0.8696420715130595,8.557913626077582,0.0,0.4731097905944365,0.3036462986344684,0.20827396059533435,0.7124121399409113,-17.96461326742708
345,346.0,0.971587701629672,6.406130551814273,0.0,0.4048805212157695,0.3036462986344684,0.20827396059533435,0.7124121399409113,-17.96461326742708
346,347.0,0.5355900199003955,3.517851932306835,0.16058404469582996,0.494813584311934,0.06186742252554078,0.09401171851388739,0.9335695134662748,-29.100701752171453
347,348.0,0.4339223579480037,3.2128244061611673,0.16058399411744043,0.4948135657361727,0.061867422525523,0.09401171851387385,0.9335695146516461,-29.10070175217347
348,349.0,0.23745270208834923,3.4053622718598735,0.160584067350148,0.4948134253143501,0.06186742252571693,0.0940117185140212,0.9335695234375909,-29.10070175215153
349,350.0,0.3872288144214824,2.5532924802043393,0.1605839887215819,0.4948148494112804,0.061867422535570794,0.094011718521508,0.9335694340763815,-29.10070175103661
350,351.0,0.7015061655872813,3.8715339602605123,0.16058418534755003,0.4948134984280562,0.06186742252586395,0.09401171851413292,0.9335695188028938,-29.100701752134896
351,352.0,0.2747882325190052,1.113786718048196,0.1605840658980918,0.4948134904175329,0.06186742252561387,0.09401171851394292,0.9335695193517394,-29.10070175216319
352,353.0,0.803039455565689,9.412240751403015,0.16058384426138336,0.4948136293631244,0.061867422525736425,0.09401171851403604,0.9335695107150538,-29.10070175214932
353,354.0,0.04040017874381874,9.347952639979138,0.04040017874381874,9.347952639979138,2.672375940328279,0.6178737666186099,-2.220446049250313e-16,-2.7405954493294002
354,355.0,0.2760199962687018,3.8825853167166255,0.16058388596268236,0.494813553118721,0.06186742252561988,0.09401171851394746,0.9335695154849567,-29.100701752162507
355,356.0,0.21154677272913258,6.251902894318455,0.21154677272913258,6.251902894318455,2.6723759402753253,0.6178737666124883,2.457523073928769e-11,-2.7405954494681053
356,357.0,0.4125771449624751,8.44048094586254,0.4125771449624751,8.44048094586254,2.6723758779591136,0.6178737594084956,2.2371934527143367e-08,-2.740595612698691
357,358.0,0.16815442976138872,3.14254141343617,0.16058396263501118,0.49481360675553465,0.0618674225255389,0.09401171851388596,0.9335695120889609,-29.100701752171673
358,359.0,0.1629256961566209,5.029827702960553,0.1629256961566209,5.029827702960553,2.6723759402764062,0.6178737666126133,2.547684285758578e-11,-2.7405954494652747
359,360.0,0.20417253355538612,4.9494202374930785,0.20417253355538612,4.9494202374930785,2.672375927790153,0.6178737651691545,5.871319541661535e-09,-2.740595482171666
360,361.0,0.003838627840048847,2.9238208630628924,0.003838627840048847,2.9238208630628924,2.672375940328279,0.6178737666186099,-2.220446049250313e-16,-2.7405954493294002
361,362.0,0.2924343314680018,0.9693089468384156,0.0,0.48516092885583806,0.3036462986344684,0.20827396059533435,0.7124121399409113,-17.96461326742708
362,363.0,0.038656994989084814,7.804237077738956,0.038656994989084814,7.804237077738956,2.672375940328279,0.6178737666186099,-2.220446049250313e-16,-2.7405954493294002
363,364.0,0.5802771576022987,3.2903972925737586,0.16058397457954338,0.4948154876691275,0.061867422548194786,0.09401171853109955,0.9335693940157537,-29.100701749608263
364,365.0,0.042058324621826015,1.7188909228929208,0.0420896329111152,1.7188891021271493,2.6723758625971565,0.6178737576325947,4.182721413670265e-08,-2.740595652937677
365,366.0,0.030177128413218735,1.3898351381662934,0.0,0.4216672651587399,0.3036462986344684,0.20827396059533435,0.7124121399409113,-17.96461326742708
366,367.0,0.3164337721485174,1.4506779486604922,0.0,0.37936689748774366,0.3036462986344684,0.20827396059533435,0.7124121399409113,-17.96461326742708
367,368.0,0.5960289054970445,8.621747342528897,0.0,0.4749421767263824,0.3036462986344684,0.20827396059533435,0.7124121399409113,-17.96461326742708
368,369.0,0.7927129596803405,9.78775996220521,0.0,0.3838437363751568,0.3036462986344684,0.20827396059533435,0.7124121399409113,-17.96461326742708
369,370.0,0.09889113628007373,3.6364749732747077,0.09889113628007373,3.6364749732747077,2.6723759403220035,0.6178737666178844,3.2749358780392868e-12,-2.7405954493458378
370,371.0,0.36045313040227234,8.513210090434377,0.36045313040227234,8.513210090434377,2.6723759367637205,0.6178737662065334,1.3658796316207145e-09,-2.740595458666375
371,372.0,0.44326982396921555,3.1967252104538857,0.1605839148264836,0.4948139251230126,0.06186742252636912,0.09401171851451676,0.9335694921234686,-29.10070175207774
372,373.0,0.43878787318295065,7.512912540263206,0.4388416523862918,7.512908987549506,2.672374385652297,0.617873586892092,5.398567073378047e-07,-2.7405995216363213
373,374.0,0.6365270103764182,9.36977812069253,0.0,0.34274691509153876,0.3036462986344684,0.20827396059533435,0.7124121399409113,-17.96461326742708
374,375.0,0.630600508269775,1.4596864194599475,0.1605839668112525,0.4948135556349815,0.06186742252553117,0.09401171851388004,0.933569515296138,-29.10070175217254
375,376.0,0.135006090695187,5.639626055352969,0.135006090695187,5.639626055352969,2.6723759403282754,0.6178737666186095,1.6653345369377348e-15,-2.7405954493294082
376,377.0,0.16552279989485597,6.705043699645098,0.16552279989485597,6.705043699645098,2.6723759403282754,0.6178737666186095,1.6653345369377348e-15,-2.7405954493294082
377,378.0,0.6675158471616293,4.958286619360372,0.0,0.48812692167589344,0.3036462986344684,0.20827396059533435,0.7124121399409113,-17.96461326742708
378,379.0,0.3892033834022087,3.149602080207388,0.1605839268370824,0.4948139104281331,0.06186742252628538,0.09401171851445314,0.9335694930412868,-29.10070175208721
379,380.0,0.996784009155252,4.85582665751939,0.16058397287334977,0.4948135317115123,0.06186742252553746,0.09401171851388485,0.9335695167954619,-29.100701752171837
380,381.0,0.14627978356963056,5.587067663235778,0.14627978356963056,5.587067663235778,2.6723759403282132,0.6178737666186023,3.3084646133829665e-14,-2.7405954493295717
381,382.0,0.7543879841773212,8.393402762125058,0.0,0.4708293349749861,0.3036462986344684,0.20827396059533435,0.7124121399409113,-17.96461326742708
382,383.0,0.34696066399490977,0.03341546152983469,0.16058335475912663,0.4948130373121613,0.06186742253014105,0.09401171851738258,0.9335695480615838,-29.10070175165096
383,384.0,0.5401701161900149,9.183274705154039,0.540205332464179,9.183272440299255,2.6723747114605585,0.6178736245567834,3.787356360751559e-07,-2.740598668216343
384,385.0,0.6068436164512268,3.0066355519692993,0.1605839171391345,0.4948139269137066,0.06186742252637302,0.09401171851451971,0.9335694920101852,-29.1007017520773
385,386.0,0.3209253606029828,6.783953478546096,0.3209253606029828,6.783953478546096,2.6723758832249107,0.617873760017242,2.302914381413501e-08,-2.7405955989055037
386,387.0,0.7838832529180253,8.997852183753812,0.0,0.48020025162048774,0.3036462986344684,0.20827396059533435,0.7124121399409113,-17.96461326742708
387,388.0,0.17221363650352206,2.2244210295755957,0.0,0.4124050612688578,0.3036462986344684,0.20827396059533435,0.7124121399409113,-17.96461326742708
388,389.0,0.8568572425757656,4.709044679626651,0.1605839375973285,0.4948134124698615,0.061867422525702154,0.09401171851400997,0.9335695242935669,-29.1007017521532
389,390.0,0.8068115466210917,8.188931691342486,0.16058408249670592,0.4948134950506554,0.06186742252563109,0.09401171851395601,0.9335695190545432,-29.100701752161243
390,391.0,0.8659986346680121,1.7070637001225248,0.160584596145585,0.49481389631092193,0.06186742252877132,0.0940117185163419,0.9335694936683144,-29.100701751805936
391,392.0,0.6321162334008206,8.335495125026746,0.0,0.4680046307077662,0.3036462986344684,0.20827396059533435,0.7124121399409113,-17.96461326742708
392,393.0,0.41759151741725886,1.0447297077130377,0.16058392588467554,0.4948136381980921,0.061867422525592346,0.09401171851392655,0.9335695101293872,-29.100701752165627
393,394.0,0.47673857366781647,0.909136604279355,0.1605840014411782,0.494813566167318,0.06186742252552318,0.094011718513874,0.9335695146217777,-29.10070175217345
394,395.0,0.6114290335894352,8.699168706614403,0.0,0.353759781143241,0.3036462986344684,0.20827396059533435,0.7124121399409113,-17.96461326742708
395,396.0,0.7475914968234461,6.06017477091964,0.16058342009174237,0.4948142177253013,0.0618674225312265,0.09401171851820728,0.9335694739428965,-29.100701751528142
396,397.0,0.7970781602244488,9.626837800107708,0.0,0.48819485998920914,0.3036462986344684,0.20827396059533435,0.7124121399409113,-17.96461326742708
397,398.0,0.44443276122140574,2.327298987570738,0.16058410548749008,0.49481333180331266,0.06186742252602139,0.09401171851425255,0.9335695292924027,-29.100701752117082
398,399.0,0.03427657707308618,4.351589067212873,0.03427657707308618,4.351589067212873,2.672375940328279,0.6178737666186099,-2.220446049250313e-16,-2.7405954493294002
399,400.0,0.7858591704434994,4.251355970717845,0.0,0.342088731498443,0.3036462986344684,0.20827396059533435,0.7124121399409113,-17.96461326742708
400,401.0,0.647880908728718,5.300592123285879,0.16058398965893955,0.4948136357637466,0.061867422525545564,0.09401171851389097,0.933569510257807,-29.100701752170913
401,402.0,0.8528304631589878,3.237320996869967,0.16058392760235896,0.4948136880426104,0.061867422525648745,0.09401171851396943,0.9335695070000356,-29.100701752159246
402,403.0,0.5468935982446499,3.3665479339528703,0.1605835636037699,0.49481371431349674,0.06186742252721988,0.09401171851516314,0.933569505488819,-29.100701751981475
403,404.0,0.027150799946000004,8.803050948654601,0.027150799946000004,8.803050948654601,2.672375940328279,0.6178737666186099,-2.220446049250313e-16,-2.7405954493294002
404,405.0,0.1915416738523843,4.791672949013991,0.1915416738523843,4.791672949013991,2.6723759325688814,0.6178737657215938,3.6888726517858572e-09,-2.740595469654303
405,406.0,0.8593286940886472,9.86877302469478,0.16058439229161933,0.49481347938177633,0.06186742252688288,0.0940117185149071,0.9335695199180446,-29.100701752019603
406,407.0,0.5632556572899264,1.5937072688790765,0.16058401779144277,0.494813597449473,0.06186742252552827,0.09401171851387786,0.9335695126519705,-29.100701752172874
407,408.0,0.17104808547797623,0.741369844853178,0.16058186460399534,0.4948137217824136,0.06186742256239558,0.094011718541889,0.9335695056329396,-29.100701748001512
408,409.0,0.43952466464302964,5.410118264840709,0.0,0.38123751855141114,0.3036462986344684,0.20827396059533435,0.7124121399409113,-17.96461326742708
409,410.0,0.18945094422194142,9.509801875148417,0.18945094422194142,9.509801875148417,2.672375940328279,0.6178737666186099,-2.220446049250313e-16,-2.7405954493294002
410,411.0,0.4051950678572329,1.5409739691867215,0.16058398856137193,0.49481429660768744,0.06186742252874473,0.09401171851632169,0.933569468777044,-29.10070175180895
411,412.0,0.9873842604921877,4.2032388739145885,0.16058391364212973,0.49481330958424574,0.061867422525985885,0.09401171851422556,0.9335695307606579,-29.100701752121097
412,413.0,0.5090446276265737,3.6680007636792133,0.0,0.4951066441039284,0.3036462986344684,0.20827396059533435,0.7124121399409113,-17.96461326742708
413,414.0,0.6575463593393662,8.540620745049898,0.0,0.47321349238647725,0.3036462986344684,0.20827396059533435,0.7124121399409113,-17.96461326742708
414,415.0,0.24377567432418357,1.2786667616364351,0.0,0.38257516193504415,0.3036462986344684,0.20827396059533435,0.7124121399409113,-17.96461326742708
415,416.0,0.030084146391989752,7.284284541026552,0.030084146391989752,7.284284541026552,2.672375940328279,0.6178737666186099,-2.220446049250313e-16,-2.7405954493294002
416,417.0,0.8955177273584612,7.544352348812545,0.0,0.44479870474410976,0.3036462986344684,0.20827396059533435,0.7124121399409113,-17.96461326742708
417,418.0,0.049162048168465255,3.697486345345753,0.049162048168465255,3.697486345345753,2.672375940328279,0.6178737666186099,-2.220446049250313e-16,-2.7405954493294002
418,419.0,0.1248798493483807,6.1509785283666805,0.1248798493483807,6.1509785283666805,2.672375940328279,0.6178737666186099,-2.220446049250313e-16,-2.7405954493294002
419,420.0,0.684918843563295,1.1464994375503306,0.16058407984593306,0.4948135257702084,0.061867422525598896,0.09401171851393152,0.933569517127347,-29.10070175216488
420,421.0,0.34167074864029656,7.90709675327537,0.34167074864029656,7.90709675327537,2.672375933790166,0.617873765862779,2.566706291950993e-09,-2.7405954664552796
421,422.0,0.8216789630323058,4.598843529829681,0.16058397245323003,0.4948135136792735,0.06186742252554881,0.09401171851389345,0.9335695179274806,-29.10070175217055
422,423.0,0.091801210858938,7.73830674332033,0.091801210858938,7.73830674332033,2.672375940328279,0.6178737666186099,-2.220446049250313e-16,-2.7405954493294002
423,424.0,0.27016205677347116,6.217278948379582,0.27016205677347116,6.217278948379582,2.672375925699159,0.6178737649274277,6.302727562079724e-09,-2.7405954876487986
424,425.0,0.04362400082981199,4.4349556601236895,0.04362400082981199,4.4349556601236895,2.672375940328279,0.6178737666186099,-2.220446049250313e-16,-2.7405954493294002
425,426.0,0.9385737099936164,8.876764536042819,0.16058399115945446,0.4948135698795889,0.061867422525522776,0.0940117185138737,0.9335695143927022,-29.100701752173492
426,427.0,0.7138003830284341,0.16819432529217157,0.16058402109363049,0.49481355055373905,0.061867422525531936,0.09401171851388063,0.9335695155942868,-29.100701752172455
427,428.0,0.9522169478714434,7.5474148459278325,0.0,0.4407641351336218,0.3036462986344684,0.20827396059533435,0.7124121399409113,-17.96461326742708
428,429.0,0.9360612876515516,1.3306019522944104,0.0,0.4237594364855154,0.3036462986344684,0.20827396059533435,0.7124121399409113,-17.96461326742708
429,430.0,0.9768549002195356,3.5489952513627534,0.16058361453947928,0.4948138492825406,0.06186742252729222,0.09401171851521808,0.9335694969976689,-29.10070175197329
430,431.0,0.7155972079166579,9.807658264504344,0.0,0.3421422331041436,0.3036462986344684,0.20827396059533435,0.7124121399409113,-17.96461326742708
431,432.0,0.7420537312816468,6.019001699023517,0.0,0.4145792463652672,0.3036462986344684,0.20827396059533435,0.7124121399409113,-17.96461326742708
432,433.0,0.8242663919542692,6.077875139549065,0.1605839025141189,0.49481316421836136,0.06186742252658869,0.09401171851468354,0.9335695398891953,-29.100701752052892
433,434.0,0.686439963371272,0.9496137555397307,0.16058399041340207,0.4948135962888838,0.06186742252552543,0.09401171851387573,0.9335695127353097,-29.100701752173194
434,435.0,0.2807078396720116,8.90577298501747,0.2807078396720116,8.90577298501747,2.672375940326151,0.6178737666183639,9.04498698162115e-13,-2.7405954493349727
435,436.0,0.30484486960160506,7.811575709199835,0.30484486960160506,7.811575709199835,2.6723759395861646,0.6178737665328187,3.0562030683967123e-10,-2.740595451273287
436,437.0,0.44674330754087177,5.4947071658610795,0.16058409439203147,0.49481363443957943,0.061867422525612385,0.09401171851394179,0.9335695103007304,-29.100701752163353
437,438.0,0.4203433125668098,9.611570685944104,0.4203433125668098,9.611570685944104,2.672375934923771,0.617873765993828,1.9199735135089213e-09,-2.740595463485924
438,439.0,0.48074525800198575,4.130753900909064,0.0,0.33442550388192993,0.3036462986344684,0.20827396059533435,0.7124121399409113,-17.96461326742708
439,440.0,0.7205386579855523,0.616566579146244,0.1605840072434896,0.4948136047419584,0.061867422525528015,0.09401171851387773,0.9335695121982733,-29.100701752172903
440,441.0,0.20258825333216368,8.921499897228783,0.20258825333216368,8.921499897228783,2.672375940328279,0.6178737666186099,-2.220446049250313e-16,-2.7405954493294002
441,442.0,0.03728647034460675,9.898294091520944,0.03728647034460675,9.898294091520944,2.672375940328279,0.6178737666186099,-2.220446049250313e-16,-2.7405954493294002
442,443.0,0.8791156277740184,1.7971305912867055,0.16058403342824543,0.49481356260761217,0.061867422525534975,0.094011718513883,0.93356951483295,-29.100701752172114
443,444.0,0.37759642605543875,3.3326602332718744,0.1605839579023334,0.4948136013981101,0.061867422525539666,0.09401171851388651,0.9335695124270502,-29.100701752171588
444,445.0,0.06678831289155585,5.890497263043744,0.06678831289155585,5.890497263043744,2.672375940328279,0.6178737666186099,-2.220446049250313e-16,-2.7405954493294002
445,446.0,0.25517328872704004,8.129174204470072,0.25517328872704004,8.129174204470072,2.672375940325721,0.6178737666183142,1.123656723223121e-12,-2.7405954493360998
446,447.0,0.055490572965016804,5.298892687964558,0.055490572965016804,5.298892687964558,2.672375940328279,0.6178737666186099,-2.220446049250313e-16,-2.7405954493294002
447,448.0,0.10855453214632282,9.461135381077199,0.10855453214632282,9.461135381077199,2.672375940328279,0.6178737666186099,-2.220446049250313e-16,-2.7405954493294002
448,449.0,0.5501221481351186,6.672703503156686,0.0,0.4424627491497556,0.3036462986344684,0.20827396059533435,0.7124121399409113,-17.96461326742708
449,450.0,0.6473448237707876,6.561430145969141,0.0,0.41029048875827356,0.3036462986344684,0.20827396059533435,0.7124121399409113,-17.96461326742708
450,451.0,0.5573167323708936,2.1098728460856933,0.16058402516727274,0.4948136035646849,0.061867422525532546,0.09401171851388113,0.9335695122652979,-29.10070175217239
451,452.0,0.5816660925354413,7.262026181855685,0.0,0.43486028114457026,0.3036462986344684,0.20827396059533435,0.7124121399409113,-17.96461326742708
452,453.0,0.2380195826952406,7.12368926488383,0.2380195826952406,7.12368926488383,2.67237594030564,0.6178737666159928,1.016464690195562e-11,-2.7405954493886986
453,454.0,0.49480821795245433,3.784762898628319,0.16058411760797708,0.49481444688897497,0.061867422530191125,0.0940117185174206,0.9335694592943018,-29.100701751645296
454,455.0,0.7717861976317494,4.023952111557951,0.1605839806243605,0.4948134001427747,0.061867422525711466,0.09401171851401705,0.9335695250508496,-29.100701752152148
455,456.0,0.9316790001623305,5.881520419856731,0.0,0.3995921639389,0.3036462986344684,0.20827396059533435,0.7124121399409113,-17.96461326742708
456,457.0,0.6770966795273106,2.146576515536203,0.0,0.4124050612688578,0.3036462986344684,0.20827396059533435,0.7124121399409113,-17.96461326742708
457,458.0,0.9891254931777927,5.9490109153116695,0.0,0.3887668709098998,0.3036462986344684,0.20827396059533435,0.7124121399409113,-17.96461326742708
458,459.0,0.5505488089237283,3.5619640408416067,0.1605838669800487,0.4948155372734295,0.06186742254980006,0.09401171853231918,0.9335693909425787,-29.10070174942664
459,460.0,0.985788538205053,1.834263443290914,0.0,0.47365638851430997,0.3036462986344684,0.20827396059533435,0.7124121399409113,-17.96461326742708
460,461.0,0.6418748500899925,1.6885392377040946,0.16058405669375492,0.4948135800255139,0.061867422525551025,0.09401171851389516,0.9335695137307205,-29.100701752170302
461,462.0,0.19692196791962413,7.748589509054485,0.19692196791962413,7.748589509054485,2.672375940328275,0.6178737666186095,1.7763568394002505e-15,-2.74059544932941
462,463.0,0.038486588334511684,9.285579110825006,0.038486588334511684,9.285579110825006,2.672375940328279,0.6178737666186099,-2.220446049250313e-16,-2.7405954493294002
463,464.0,0.4963038553827781,9.821061959277598,0.4963038553827781,9.821061959277598,2.6723758538118663,0.6178737566169815,2.8044465749665903e-08,-2.7405956759497974
464,465.0,0.6403348387998535,0.4681141516479793,0.1605840383665634,0.4948132516066011,0.0618674225262048,0.09401171851439188,0.9335695343519913,-29.100701752096327
465,466.0,0.557212973305235,9.78109536183746,0.5572324244125287,9.781094162796693,2.672375265831526,0.6178736886441997,2.039512764229201e-07,-2.7405972161009817
466,467.0,0.1942077697612642,4.648093084480621,0.1942077697612642,4.648093084480621,2.6723759188727105,0.6178737641382642,1.0167979347386336e-08,-2.7405955055299422
467,468.0,0.3978869285871641,5.280030260779586,0.16058400484498894,0.4948134750756615,0.0618674225255868,0.09401171851392234,0.933569520338161,-29.100701752166252
468,469.0,0.9734691776251039,3.907938409708905,0.1605839156420169,0.49481367420638295,0.061867422525645366,0.09401171851396682,0.9335695078730885,-29.100701752159623
469,470.0,0.39080218403709244,7.834385951173634,0.39080218403709244,7.834385951173634,2.6723758348558353,0.6178737544255917,3.888180455380308e-08,-2.7405957256030726
470,471.0,0.5054014496075995,1.7541519886702537,0.0,0.3412201802393366,0.3036462986344684,0.20827396059533435,0.7124121399409113,-17.96461326742708
471,472.0,0.5847097226921643,8.257237920442765,0.16058337786034146,0.4948135637735401,0.06186742252857201,0.09401171851619045,0.9335695150076286,-29.10070175182849
472,473.0,0.9725114809948289,1.7668983921805919,0.0,0.45928000264282315,0.3036462986344684,0.20827396059533435,0.7124121399409113,-17.96461326742708
473,474.0,0.18464571025544363,7.885792381695806,0.18464571025544363,7.885792381695806,2.6723759403282785,0.6178737666186098,1.1102230246251565e-16,-2.740595449329401
474,475.0,0.7796935537063056,5.370927415482103,0.16058399705449858,0.4948135771792628,0.061867422525522346,0.09401171851387338,0.9335695139322531,-29.100701752173542
475,476.0,0.5836266400970765,5.03917430317818,0.0,0.3679428050210223,0.3036462986344684,0.20827396059533435,0.7124121399409113,-17.96461326742708
476,477.0,0.8563556999720616,6.409480694238769,0.0,0.404829693255633,0.3036462986344684,0.20827396059533435,0.7124121399409113,-17.96461326742708
477,478.0,0.7137853902585544,9.305105237939621,0.1605838805724135,0.494813494961615,0.0618674225256576,0.09401171851397612,0.9335695191374583,-29.100701752158237
478,479.0,0.39685127012919175,5.191866477407602,0.16058382133898136,0.494813775401771,0.06186742252606135,0.09401171851428292,0.9335695015570094,-29.100701752112556
479,480.0,0.5234588861550672,6.780892089949201,0.0,0.4020081394968022,0.3036462986344684,0.20827396059533435,0.7124121399409113,-17.96461326742708
480,481.0,0.5360267742707031,1.0560010778556426,0.1605840515512696,0.4948133712182559,0.06186742252582063,0.09401171851409997,0.9335695268391693,-29.1007017521398
481,482.0,0.11254396673176703,8.289399979998302,0.11254396673176703,8.289399979998302,2.672375940328279,0.6178737666186099,-2.220446049250313e-16,-2.7405954493294002
482,483.0,0.05959708728464996,9.822253537549832,0.05959708728464996,9.822253537549832,2.672375940328279,0.6178737666186099,-2.220446049250313e-16,-2.7405954493294002
483,484.0,0.778521224956371,0.8793378922975633,0.1605839569591059,0.4948131241860985,0.06186742252677239,0.09401171851482315,0.9335695423810842,-29.10070175203211
484,485.0,0.8047254112489615,5.054688974151104,0.16058397117228276,0.494813278580594,0.06186742252606378,0.09401171851428469,0.9335695326846801,-29.10070175211228
485,486.0,0.9086032547234066,0.2981213370470257,0.16058381507399072,0.49481345478705124,0.06186742252584646,0.09401171851411962,0.9335695216840936,-29.10070175213687
486,487.0,0.23661782579265733,6.2819393281906315,0.23661782579265733,6.2819393281906315,2.6723759396482856,0.6178737665400001,3.058525654964228e-10,-2.7405954511105683
487,488.0,0.6673975029859082,4.818465591854403,0.1605841814152009,0.49481311399674066,0.061867422527229966,0.0940117185151708,0.933569542934213,-29.10070175198034
488,489.0,0.28423831887345086,2.302405688876275,0.0,0.4124050612688578,0.3036462986344684,0.20827396059533435,0.7124121399409113,-17.96461326742708
489,490.0,0.024265506521058855,9.31642104454457,0.024265506521058855,9.31642104454457,2.672375940328279,0.6178737666186099,-2.220446049250313e-16,-2.7405954493294002
490,491.0,0.9070382345290483,3.5337219389637187,0.16058398146709588,0.49481357752124455,0.06186742252552427,0.09401171851387483,0.9335695139167565,-29.10070175217333
491,492.0,0.051996254428246624,1.2710606309646069,0.0,0.3624990802239797,0.3036462986344684,0.20827396059533435,0.7124121399409113,-17.96461326742708
492,493.0,0.5823772255284391,9.892913243106381,0.582407068323191,9.89291128911402,2.672374824712283,0.6178736376491188,3.281195560811412e-07,-2.740598371565559
493,494.0,0.042051183641328316,2.253244082243108,0.042051183641328316,2.253244082243108,2.672375940328047,0.6178737666185831,1.249000902703301e-13,-2.740595449330006
494,495.0,0.462466075148101,3.586311820237393,0.160583848255013,0.49481357791606434,0.061867422525698525,0.09401171851400723,0.9335695139428168,-29.10070175215361
495,496.0,0.9650573061303586,1.6827405933588941,0.0,0.3655869542242645,0.3036462986344684,0.20827396059533435,0.7124121399409113,-17.96461326742708
496,497.0,0.3874540297896051,3.7534911403581215,0.16058392262516388,0.4948132746110768,0.06186742252609714,0.09401171851431009,0.9335695329524167,-29.100701752108506
497,498.0,0.5618540413636615,4.272338645193618,0.0,0.45294121475356025,0.3036462986344684,0.20827396059533435,0.7124121399409113,-17.96461326742708
498,499.0,0.5839924385206671,2.0122381782270637,0.16058391288795518,0.4948136761812881,0.061867422525651944,0.09401171851397185,0.933569507750176,-29.100701752158876
499,500.0,0.5172174499584802,0.606714766942087,0.1605845422218247,0.4948132160721008,0.06186742252896729,0.09401171851649075,0.9335695363865522,-29.100701751783767
500,501.0,0.5337895371095471,0.9515467955235993,0.16058456522453823,0.4948134269260075,0.061867422528358,0.0940117185160279,0.9335695231428479,-29.100701751852704
501,502.0,0.028159262349801817,5.062414494661923,0.028159262349801817,5.062414494661923,2.672375940328279,0.6178737666186099,-2.220446049250313e-16,-2.7405954493294002
502,503.0,0.35219413818122347,9.08931815037781,0.35219413818122347,9.08931815037781,2.6723759399062974,0.6178737665698273,1.6342371900179842e-10,-2.740595450434734
503,504.0,0.5863037567692951,3.1022342276573056,0.16058403219395684,0.49481359844875483,0.0618674225255346,0.09401171851388265,0.933569512583723,-29.100701752172156
504,505.0,0.3246965904096427,8.57270843590865,0.3246965904096427,8.57270843590865,2.672375940041769,0.6178737665854882,1.1498091367911911e-10,-2.740595450079881
505,506.0,0.19080078877946471,7.659612290101769,0.19080078877946471,7.659612290101769,2.6723759403282767,0.6178737666186096,1.2212453270876722e-15,-2.7405954493294056
506,507.0,0.03925093532773383,3.6041768779135746,0.03925093532773383,3.6041768779135746,2.672375940328279,0.6178737666186099,-2.220446049250313e-16,-2.7405954493294002
507,508.0,0.42157828950705556,9.459519110531852,0.42157828950705556,9.459519110531852,2.6723759320881495,0.6178737656660194,2.9228610642917374e-09,-2.7405954709135285
508,509.0,0.10476910991479094,9.720412297548124,0.10476910991479094,9.720412297548124,2.672375940328279,0.6178737666186099,-2.220446049250313e-16,-2.7405954493294002
509,510.0,0.7265798341310021,2.263117521559766,0.0,0.4124050612688578,0.3036462986344684,0.20827396059533435,0.7124121399409113,-17.96461326742708
510,511.0,0.32176524559882,3.7416693156379837,0.16058398763354673,0.49481357537714754,0.061867422525523,0.09401171851387387,0.9335695140489778,-29.10070175217347
511,512.0,0.18402931840371772,4.010407835217428,0.1840509455482488,4.010406502949791,2.6723757026807293,0.6178737391456433,1.1397419907854811e-07,-2.7405960718215034
512,513.0,0.1949759128068782,4.5860620364856866,0.1949759128068782,4.5860620364856866,2.672375908515891,0.6178737629409761,1.5062408764698887e-08,-2.7405955326585127
513,514.0,0.8399952213181693,9.706760786741453,0.0,0.48871272202432947,0.3036462986344684,0.20827396059533435,0.7124121399409113,-17.96461326742708
514,515.0,0.5454150072615789,2.800150541813688,0.16058459310793152,0.4948141977224637,0.06186742253025811,0.09401171851747152,0.93356947475011,-29.100701751637715
515,516.0,0.5023952290841663,1.2667786827788634,0.0,0.489801971457655,0.3036462986344684,0.20827396059533435,0.7124121399409113,-17.96461326742708
516,517.0,0.8503097679656736,6.722861694366491,0.0,0.4129627633974744,0.3036462986344684,0.20827396059533435,0.7124121399409113,-17.96461326742708
517,518.0,0.47321861593481995,5.103289601539778,0.16058399249805314,0.49481357074349075,0.06186742252552264,0.09401171851387356,0.9335695143379635,-29.100701752173514
518,519.0,0.6401639411678006,9.736544289158187,0.0,0.488886520865342,0.3036462986344684,0.20827396059533435,0.7124121399409113,-17.96461326742708
519,520.0,0.8814239325875468,1.3554376076386596,0.16058399074567517,0.4948135566187459,0.06186742252552474,0.0940117185138752,0.9335695152252262,-29.100701752173272
520,521.0,0.5958764943402979,8.835037830397656,0.16058395512201684,0.4948130862699143,0.06186742252699116,0.09401171851498932,0.9335695447616812,-29.10070175200736
521,522.0,0.3845812832378689,6.772741181709344,0.3846312876829243,6.772737939858093,2.6723746890961193,0.6178736219713681,4.6487790472671264e-07,-2.740598726797602
522,523.0,0.5153262730774835,6.5200519370802565,0.0,0.4056537670914379,0.3036462986344684,0.20827396059533435,0.7124121399409113,-17.96461326742708
523,524.0,0.00935347742319248,1.1673435893875106,0.00941844767459393,1.1673399478559676,2.6723759018859385,0.6178737621745283,2.0736592776238183e-08,-2.740595550024957
524,525.0,0.7866824905178823,6.416251320386733,0.0,0.40488265087722186,0.3036462986344684,0.20827396059533435,0.7124121399409113,-17.96461326742708
525,526.0,0.46986294986724364,9.497964079860267,0.46986294986724364,9.497964079860267,2.672375878230982,0.6178737594399247,2.076865968092534e-08,-2.740595611986561
526,527.0,0.3496656472790146,7.927085524774152,0.3496656472790146,7.927085524774152,2.6723759304329895,0.6178737654746765,3.844732088253977e-09,-2.740595475249041
527,528.0,0.06462636758093043,7.386720813361011,0.06462636758093043,7.386720813361011,2.672375940328279,0.6178737666186099,-2.220446049250313e-16,-2.7405954493294002
528,529.0,0.09088807151079259,9.02137463709691,0.09088807151079259,9.02137463709691,2.672375940328279,0.6178737666186099,-2.220446049250313e-16,-2.7405954493294002
529,530.0,0.16626089167922642,9.817000932928861,0.16626089167922642,9.817000932928861,2.672375940328279,0.6178737666186099,-2.220446049250313e-16,-2.7405954493294002
530,531.0,0.592277130691319,1.1364840567675036,0.1605842998991014,0.49481331679225965,0.061867422526778786,0.09401171851482798,0.9335695301593675,-29.100701752031384
531,532.0,0.23641712803917203,0.4168071639906739,0.16058383050016645,0.494813210537161,0.061867422526486124,0.09401171851460563,0.9335695370093443,-29.100701752064502
532,533.0,0.5257776419268926,9.158825821251403,0.5258029994206476,9.158824222530379,2.6723750977305234,0.6178736692110779,2.6396902619296725e-07,-2.7405976564235166
533,534.0,0.32019231150149774,5.410069411525079,0.0,0.3813515359082439,0.3036462986344684,0.20827396059533435,0.7124121399409113,-17.96461326742708
534,535.0,0.4091521929918006,3.971446767416804,0.16058397887138393,0.49481332408720813,0.0618674225259108,0.09401171851416855,0.9335695298253787,-29.100701752129588
535,536.0,0.75170563548625,2.6471715039956782,0.0,0.4124050612688578,0.3036462986344684,0.20827396059533435,0.7124121399409113,-17.96461326742708
536,537.0,0.7329886823626921,4.213077912567262,0.16058407298053873,0.49481359843538414,0.06186742252556991,0.0940117185139095,0.9335695125689,-29.100701752168163
537,538.0,0.5785102250132538,4.639296738076354,0.16058404007558888,0.49481357923172115,0.06186742252553739,0.09401171851388478,0.9335695137869265,-29.100701752171844
538,539.0,0.9634109120368818,4.235045440189142,0.1605839622684104,0.49481347823410526,0.06186742252558616,0.09401171851392186,0.9335695201562177,-29.10070175216633
539,540.0,0.49594593556655486,4.448878360273945,0.0,0.41953182726744753,0.3036462986344684,0.20827396059533435,0.7124121399409113,-17.96461326742708
540,541.0,0.6997180166312512,9.505214666875082,0.16058403200257748,0.49481355118394976,0.061867422525537306,0.09401171851388476,0.9335695155505442,-29.10070175217185
541,542.0,0.8010816863666614,0.28347382043208735,0.0,0.4898308275383922,0.3036462986344684,0.20827396059533435,0.7124121399409113,-17.96461326742708
542,543.0,0.9067950607204011,0.29384556613312357,0.16058431050364624,0.4948130342557656,0.06186742252835374,0.09401171851602462,0.9335695478891786,-29.10070175185318
543,544.0,0.3945847400855742,6.29222472354294,0.0,0.4016705073477551,0.3036462986344684,0.20827396059533435,0.7124121399409113,-17.96461326742708
544,545.0,0.6867965270192635,1.7275581310402675,0.1605841848757422,0.4948135731849073,0.061867422525806494,0.09401171851408924,0.9335695141107176,-29.100701752141397
545,546.0,0.06693412815381383,4.701974366038802,0.06693412815381383,4.701974366038802,2.672375940328279,0.6178737666186099,-2.220446049250313e-16,-2.7405954493294002
546,547.0,0.5736186345569091,2.913525834537755,0.16058396870604016,0.49481359286354404,0.06186742252553095,0.09401171851387989,0.9335695129586229,-29.10070175217257
547,548.0,0.06823557195504004,5.640183323035997,0.06823557195504004,5.640183323035997,2.672375940328279,0.6178737666186099,-2.220446049250313e-16,-2.7405954493294002
548,549.0,0.09096855371161361,6.33626004637496,0.09096855371161361,6.33626004637496,2.672375940328279,0.6178737666186099,-2.220446049250313e-16,-2.7405954493294002
549,550.0,0.12448820164299501,7.932849592995149,0.12448820164299501,7.932849592995149,2.672375940328279,0.6178737666186099,-2.220446049250313e-16,-2.7405954493294002
550,551.0,0.6811488891016824,7.940666293887556,0.0,0.4677597970323796,0.3036462986344684,0.20827396059533435,0.7124121399409113,-17.96461326742708
551,552.0,0.47083191164278393,5.988548883868673,0.0,0.39764826620322374,0.3036462986344684,0.20827396059533435,0.7124121399409113,-17.96461326742708
552,553.0,0.47541867049703346,8.953765784834125,0.47541867049703346,8.953765784834125,2.672375698343865,0.6178737386442853,8.039784060720478e-08,-2.740596083181451
553,554.0,0.7100927516688523,5.529228861079262,0.1605837460927823,0.49481298664506795,0.06186742252797163,0.09401171851573427,0.933569551094577,-29.100701751896416
554,555.0,0.4608501381306491,7.3441289018395945,0.0,0.43889476083714796,0.3036462986344684,0.20827396059533435,0.7124121399409113,-17.96461326742708
555,556.0,0.8601322431690703,3.5593041476053067,0.16058380660618293,0.4948136799759636,0.06186742252590454,0.09401171851416373,0.9335695075524335,-29.100701752130306
556,557.0,0.2516866432735848,3.4915269251873498,0.0,0.40910359647313554,0.3036462986344684,0.20827396059533435,0.7124121399409113,-17.96461326742708
557,558.0,0.3391516527503786,4.62353488457186,0.1605840482158268,0.49481357876390064,0.06186742252554352,0.09401171851388948,0.933569513813166,-29.100701752171148
558,559.0,0.8689507953934776,8.460969926879525,0.16058427463628963,0.4948137400717972,0.06186742252624561,0.09401171851442289,0.9335695036007265,-29.10070175209171
559,560.0,0.45637708418717726,0.9789072466717771,0.16058399086867584,0.49481356804337473,0.06186742252552293,0.09401171851387378,0.9335695145080704,-29.100701752173478
560,561.0,0.6694116235123363,9.39516389207193,0.16058380762290697,0.4948136215499936,0.0618674225258322,0.09401171851410879,0.9335695112194021,-29.100701752138484
561,562.0,0.8123623523232233,0.13600028952117202,0.16058398858310638,0.494813568021095,0.06186742252552313,0.09401171851387398,0.9335695145103441,-29.100701752173457
562,563.0,0.5629179823258532,2.7241843854876175,0.16058397842320443,0.49481336242594265,0.06186742252580142,0.09401171851408542,0.9335695274191061,-29.100701752141966
563,564.0,0.7959183134733215,7.7720179717291655,0.1605845178744259,0.4948141274193662,0.06186742252918836,0.09401171851665875,0.9335694791924927,-29.100701751758756
564,565.0,0.2641845956447674,8.014724244861226,0.2641845956447674,8.014724244861226,2.6723759403178935,0.6178737666174093,4.509281836817536e-12,-2.7405954493566034
565,566.0,0.47022573748761776,7.105473633555777,0.0,0.371794960734207,0.3036462986344684,0.20827396059533435,0.7124121399409113,-17.96461326742708
566,567.0,0.6736057752853135,8.877549874367647,0.1605845732764827,0.494813298639096,0.061867422528871285,0.09401171851641782,0.9335695311918775,-29.10070175179463
567,568.0,0.43440869243268343,6.387408915406445,0.0,0.40421334451912183,0.3036462986344684,0.20827396059533435,0.7124121399409113,-17.96461326742708
568,569.0,0.15827582231316306,5.959600366023058,0.15827582231316306,5.959600366023058,2.6723759403282092,0.6178737666186018,3.430589146091734e-14,-2.7405954493295814
569,570.0,0.670626654514584,9.236701849688195,0.0,0.4932452077835701,0.3036462986344684,0.20827396059533435,0.7124121399409113,-17.96461326742708
570,571.0,0.6391123035300854,9.964661743470604,0.1605839909094046,0.4948135697845876,0.061867422525522776,0.0940117185138737,0.933569514398761,-29.100701752173492
571,572.0,0.23215165040257002,4.766895614158369,0.2321731443203381,4.766894281890732,2.67237564021092,0.617873731923894,1.3574968515950303e-07,-2.7405962354544346
572,573.0,0.6153065335875366,3.8523071979128223,0.0,0.341717250638809,0.3036462986344684,0.20827396059533435,0.7124121399409113,-17.96461326742708
573,574.0,0.7530604167989527,9.348721882961012,0.16058378635621318,0.4948136363359837,0.061867422525915254,0.0940117185141719,0.9335695102993693,-29.10070175212909
574,575.0,0.14471358015734248,2.3119846502069663,0.16058395499922481,0.49481368537353826,0.06186742252561659,0.09401171851394498,0.9335695071571068,-29.100701752162884
575,576.0,0.3587852382820178,8.154176627178344,0.3587852382820178,8.154176627178344,2.6723759315438107,0.6178737656030917,3.373283763430379e-09,-2.740595472339365
576,577.0,0.8362666042443223,8.028846654528426,0.0,0.4421568921141591,0.3036462986344684,0.20827396059533435,0.7124121399409113,-17.96461326742708
577,578.0,0.9296676715132499,7.99028356056407,0.0,0.4538719664166325,0.3036462986344684,0.20827396059533435,0.7124121399409113,-17.96461326742708
578,579.0,0.25787176370001597,0.08337462523470371,0.16058376119576162,0.49481387656210785,0.06186742252662012,0.09401171851470747,0.933569495229992,-29.10070175204934
579,580.0,0.5600010454861323,6.197794334075735,0.0,0.3974993574658428,0.3036462986344684,0.20827396059533435,0.7124121399409113,-17.96461326742708
580,581.0,0.4947131209598482,5.860202954760093,0.0,0.40250471781324965,0.3036462986344684,0.20827396059533435,0.7124121399409113,-17.96461326742708
581,582.0,0.4487519276644858,3.04344821350769,0.1605838874305619,0.49481394066080825,0.06186742252649479,0.09401171851461224,0.9335694911585947,-29.100701752063515
582,583.0,0.18168566568719746,7.703005123252771,0.18168566568719746,7.703005123252771,2.6723759403282785,0.6178737666186098,3.3306690738754696e-16,-2.740595449329401
583,584.0,0.2837045874970353,0.3583621174818509,0.16058395578816587,0.49481348327955343,0.061867422525583464,0.09401171851391982,0.9335695198420021,-29.10070175216663
584,585.0,0.9869204260850643,7.980614999538116,0.0,0.45495552643357484,0.3036462986344684,0.20827396059533435,0.7124121399409113,-17.96461326742708
585,586.0,0.774901167609419,8.982519287816023,0.0,0.47994297397933294,0.3036462986344684,0.20827396059533435,0.7124121399409113,-17.96461326742708
586,587.0,0.30474949571656007,4.846449734834103,0.0,0.4850399519565594,0.3036462986344684,0.20827396059533435,0.7124121399409113,-17.96461326742708
587,588.0,0.22040859861211182,1.4444943886631962,0.16058399221479627,0.4948135667111224,0.06186742252552298,0.0940117185138738,0.9335695145911785,-29.10070175217347
588,589.0,0.0551286083004926,2.328754809958672,0.0551286083004926,2.328754809958672,2.6723759402571425,0.6178737666103863,3.811850834978259e-11,-2.740595449515733
589,590.0,0.5940509861976537,2.534014698332481,0.0,0.38157129101172665,0.3036462986344684,0.20827396059533435,0.7124121399409113,-17.96461326742708
590,591.0,0.5453355481890891,2.0531101557079263,0.16058374308880374,0.4948136996214193,0.06186742252617293,0.09401171851436767,0.9335695063433774,-29.10070175209993
591,592.0,0.5629610709553848,3.504655088552466,0.16058396894429358,0.4948135850671481,0.06186742252552932,0.09401171851387866,0.9335695134479021,-29.100701752172753
592,593.0,0.416463150377439,7.795989815793559,0.4164770947786356,7.795989016432977,2.6723755920616297,0.6178737263576516,1.2431867568718502e-07,-2.740596361576313
593,594.0,0.4388280165482319,1.5511082919214043,0.16058392229724172,0.49481350706854876,0.061867422525588744,0.0940117185139238,0.9335695183616025,-29.10070175216603
594,595.0,0.2554950622873041,8.205439655325,0.2554950622873041,8.205439655325,2.672375940326312,0.6178737666183826,8.636424908559093e-13,-2.7405954493345517
595,596.0,0.4391376081337752,5.2392157065598735,0.16058399498601572,0.4948135554301829,0.061867422525524865,0.09401171851387527,0.9335695152982065,-29.100701752173258
596,597.0,0.7805190517639863,5.138655648918945,0.1605840835288841,0.4948136399734872,0.06186742252560078,0.09401171851393299,0.9335695099575514,-29.100701752164667
597,598.0,0.9540455892479853,3.0116044768311916,0.16058460133242286,0.49481420295720513,0.06186742253036633,0.09401171851755376,0.9335694744182986,-29.100701751625472
598,599.0,0.2747438293440312,5.430160455183965,0.27476532326179925,5.4301591229163275,2.672375583046079,0.6178737253154193,1.5301318057048263e-07,-2.7405963851915773
599,600.0,0.12851992031035742,0.18323534679880424,0.16058401202829173,0.4948135706598285,0.061867422525524594,0.09401171851387509,0.9335695143357312,-29.100701752173293
600,601.0,0.3067391886652967,8.058935593470347,0.3067391886652967,8.058935593470347,2.672375939946944,0.617873766574526,1.5665579944368346e-10,-2.7405954503282652
601,602.0,0.46904958980351197,7.693957890950151,0.16058418502015528,0.4948134764995293,0.06186742252589247,0.09401171851415455,0.9335695201794326,-29.100701752131663
602,603.0,0.6160823364450437,3.44195080465521,0.16058410460809402,0.4948136801557667,0.06186742252566783,0.09401171851398388,0.9335695074272493,-29.10070175215708
603,604.0,0.07172451502635746,4.31396167001487,0.07172451502635746,4.31396167001487,2.672375940328279,0.6178737666186099,-2.220446049250313e-16,-2.7405954493294002
604,605.0,0.5881292255153273,0.33112205497400066,0.16058405651506505,0.4948132802920689,0.06186742252611521,0.09401171851432387,0.9335695325444963,-29.100701752106467
605,606.0,0.5878787110444201,0.5356660942747806,0.0,0.44334669261570997,0.3036462986344684,0.20827396059533435,0.7124121399409113,-17.96461326742708
606,607.0,0.6869031448937555,2.4078869019283164,0.16058402317323708,0.49481357056899306,0.06186742252552839,0.09401171851387796,0.9335695143371593,-29.10070175217286
607,608.0,0.30189670034907923,6.814130272315241,0.30189670034907923,6.814130272315241,2.672375924154611,0.617873764748872,6.686344478090689e-09,-2.7405954916945747
608,609.0,0.5434497535750806,2.682279597098159,0.1605837237338381,0.49481402404441427,0.06186742252752511,0.09401171851539507,0.9335694859866405,-29.100701751946936
609,610.0,0.7462086893871441,1.7976401192191422,0.1605839915308335,0.49481350930422296,0.06186742252554949,0.094011718513894,0.9335695181947905,-29.100701752170473
610,611.0,0.005691753914865982,3.831146078336257,0.005691753914865982,3.831146078336257,2.672375940328279,0.6178737666186099,-2.220446049250313e-16,-2.7405954493294002
611,612.0,0.12360654044191477,4.222764957549356,0.12360654044191477,4.222764957549356,2.6723759403160905,0.6178737666172008,6.228462190449591e-12,-2.740595449361326
612,613.0,0.47631753081882255,5.941526760194179,0.0,0.3893373334606897,0.3036462986344684,0.20827396059533435,0.7124121399409113,-17.96461326742708
613,614.0,0.5002091954812491,0.7799161452825781,0.16058393172580862,0.4948140049044968,0.06186742252673257,0.09401171851479288,0.9335694871091338,-29.100701752036613
614,615.0,0.19126235822779192,2.488890202525919,0.16058396446872644,0.4948135443096327,0.06186742252553535,0.09401171851388326,0.9335695160079112,-29.10070175217207
615,616.0,0.5692584439470874,5.515053912438705,0.1605839483494473,0.4948134650545513,0.061867422525609575,0.09401171851393968,0.9335695209888021,-29.100701752163673
616,617.0,0.6203347996338395,5.556799247801798,0.0,0.40181546577823013,0.3036462986344684,0.20827396059533435,0.7124121399409113,-17.96461326742708
617,618.0,0.4422968180542912,8.09611263130378,0.4423141819424055,8.096111565489766,2.672375471661143,0.6178737124388934,1.6205380515277312e-07,-2.7405966769524257
618,619.0,0.5248742708341878,9.347807776093447,0.524891945584651,9.347806710279432,2.6723753684426543,0.6178737005064402,1.793469518451829e-07,-2.740596947322156
619,620.0,0.3806030604264107,2.8989217488467207,0.16058372597942452,0.4948140221412906,0.06186742252750285,0.09401171851537815,0.9335694861052525,-29.100701751949458
620,621.0,0.9269666106846804,3.282735412353695,0.16058397896591461,0.4948134266745111,0.06186742252565885,0.09401171851397704,0.9335695233861356,-29.100701752158102
621,622.0,0.45865556204776303,5.903461537489691,0.0,0.39912289547171137,0.3036462986344684,0.20827396059533435,0.7124121399409113,-17.96461326742708
622,623.0,0.41401717252698966,6.868319079851567,0.0,0.40298680023580946,0.3036462986344684,0.20827396059533435,0.7124121399409113,-17.96461326742708
623,624.0,0.7483768743588052,8.821087483762104,0.0,0.4019331871697357,0.3036462986344684,0.20827396059533435,0.7124121399409113,-17.96461326742708
624,625.0,0.6498804151754755,2.830229523731717,0.16058393204300261,0.4948137663147418,0.06186742252579672,0.09401171851408184,0.9335695020852527,-29.1007017521425
625,626.0,0.7807247367700039,0.7824512926473478,0.1605835169237606,0.49481380424415267,0.061867422527831374,0.09401171851562772,0.93356949986137,-29.10070175191229
626,627.0,0.13380611976896783,3.6799844089467015,0.13380611976896783,3.6799844089467015,2.6723759350339282,0.6178737660065627,2.6795903274035027e-09,-2.740595463197379
627,628.0,0.9663379243635648,4.763336821960716,0.16058417082413498,0.4948135565009444,0.06186742252577189,0.09401171851406298,0.93356951516337,-29.100701752145312
628,629.0,0.6061499701980361,2.697189098922476,0.16058391796396532,0.4948137502938809,0.06186742252577861,0.09401171851406805,0.9335695030962449,-29.100701752144545
629,630.0,0.5641989300805922,1.2165369161976096,0.160583972206053,0.49481357762113853,0.06186742252552718,0.09401171851387705,0.9335695139140308,-29.100701752172995
630,631.0,0.3927970608059015,5.7710400970197355,0.0,0.3957608112855418,0.3036462986344684,0.20827396059533435,0.7124121399409113,-17.96461326742708
631,632.0,0.40617276660946033,2.6193733799187897,0.16058392254435697,0.4948137990853494,0.06186742252589689,0.09401171851415795,0.9335695000318822,-29.100701752131165
632,633.0,0.8983861975904474,3.225352987249532,0.1605841876810165,0.49481310346333635,0.06186742252731626,0.09401171851523636,0.9335695435929365,-29.10070175197057
633,634.0,0.5939759039788501,1.8515238227071353,0.1605836709927485,0.49481418924078374,0.061867422528966834,0.09401171851649044,0.9335694756369964,-29.100701751783816
634,635.0,0.4776239224980344,3.947544255198499,0.16058398683322248,0.49481353588343213,0.06186742252553249,0.09401171851388106,0.9335695165282516,-29.100701752172398
635,636.0,0.07116085728676147,1.47301009508414,0.16058388037021581,0.4948136443686895,0.06186742252567004,0.09401171851398561,0.9335695097594221,-29.10070175215683
636,637.0,0.20283324231886124,7.088595647882761,0.20283324231886124,7.088595647882761,2.67237594032799,0.6178737666185764,1.3566925360919413e-13,-2.740595449330157
637,638.0,0.23015850732771248,1.6217488504205355,0.0,0.3848634116610208,0.3036462986344684,0.20827396059533435,0.7124121399409113,-17.96461326742708
638,639.0,0.8225510774796914,5.8253911017712685,0.0,0.40123183736328866,0.3036462986344684,0.20827396059533435,0.7124121399409113,-17.96461326742708
639,640.0,0.39176727395711586,8.166835612133001,0.39176727395711586,8.166835612133001,2.6723758931519592,0.6178737611648469,1.737008015201269e-08,-2.7405955729026727
640,641.0,0.23992029664559722,8.681160833895396,0.23992029664559722,8.681160833895396,2.6723759403282368,0.6178737666186049,1.8984813721090177e-14,-2.7405954493295095
641,642.0,0.6076484789915757,0.6014783042765419,0.16058399109482926,0.49481356890839057,0.06186742252552285,0.09401171851387376,0.9335695144536877,-29.100701752173492
642,643.0,0.7205759532587982,6.0730932940366005,0.1605835575892549,0.49481405951093116,0.0618674225287962,0.09401171851636084,0.9335694838228833,-29.100701751803122
643,644.0,0.5391928427723807,2.951650197847303,0.16058392192364485,0.49481392405723046,0.06186742252635224,0.09401171851450389,0.9335694921876625,-29.100701752079644
644,645.0,0.5349235267779495,7.857987200141084,0.0,0.45635676061363317,0.3036462986344684,0.20827396059533435,0.7124121399409113,-17.96461326742708
645,646.0,0.8296132041791503,0.8492463347779917,0.16058401499869077,0.4948136136893024,0.061867422525533025,0.09401171851388145,0.933569511633687,-29.10070175217234
646,647.0,0.6998373103931605,3.9719274287448676,0.16058397800219076,0.4948133780114843,0.061867422525762134,0.09401171851405558,0.9335695264409933,-29.100701752146414
647,648.0,0.9305796350090997,1.773273482540745,0.0,0.449152680714719,0.3036462986344684,0.20827396059533435,0.7124121399409113,-17.96461326742708
648,649.0,0.37457196348614574,8.566053487609292,0.37457196348614574,8.566053487609292,2.672375933433027,0.6178737658214923,2.5948270199194212e-09,-2.740595467390767
649,650.0,0.8659229617288215,4.159378235001557,0.16058394269053625,0.4948134028427151,0.061867422525718016,0.09401171851402201,0.9335695248958985,-29.10070175215141
650,651.0,0.015352746117853644,5.981066093878078,0.015352746117853644,5.981066093878078,2.672375940328279,0.6178737666186099,-2.220446049250313e-16,-2.7405954493294002
651,652.0,0.9326421585876256,3.255811994845884,0.16058392224320986,0.4948139155674638,0.061867422526314705,0.0940117185144754,0.933569492720443,-29.100701752083893
652,653.0,0.7420814439770361,4.4484076918109,0.0,0.439705124922398,0.3036462986344684,0.20827396059533435,0.7124121399409113,-17.96461326742708
653,654.0,0.9361736956997879,7.4561550760931805,0.0,0.44155170372629343,0.3036462986344684,0.20827396059533435,0.7124121399409113,-17.96461326742708
654,655.0,0.12633669374456014,3.31889776085098,0.12633669374456014,3.31889776085098,2.6723759127035067,0.6178737634250806,1.4081007027044734e-08,-2.7405955216895057
655,656.0,0.8666152958973831,2.0984875232778744,0.0,0.4124050612688578,0.3036462986344684,0.20827396059533435,0.7124121399409113,-17.96461326742708
656,657.0,0.48234639988952976,6.650665790896854,0.0,0.37164849262135774,0.3036462986344684,0.20827396059533435,0.7124121399409113,-17.96461326742708
657,658.0,0.001078658486694417,9.939328570954187,0.001078658486694417,9.939328570954187,2.672375940328279,0.6178737666186099,-2.220446049250313e-16,-2.7405954493294002
658,659.0,0.487630951868509,4.365818364573388,0.1605842760706897,0.49481366272537547,0.061867422526160655,0.09401171851435834,0.9335695084551033,-29.100701752101315
659,660.0,0.3045694246320202,2.0762601186685505,0.0,0.4124050612688578,0.3036462986344684,0.20827396059533435,0.7124121399409113,-17.96461326742708
660,661.0,0.9724925628158528,1.679717695303109,0.1605840138535185,0.4948135642897614,0.06186742252552583,0.09401171851387605,0.9335695147348719,-29.100701752173144
661,662.0,0.8305903064515737,9.597271761336078,0.0,0.48791561738342876,0.3036462986344684,0.20827396059533435,0.7124121399409113,-17.96461326742708
662,663.0,0.854389320736656,9.19415040611426,0.16058388702725915,0.49481366711679675,0.06186742252568328,0.09401171851399563,0.9335695083290064,-29.10070175215533
663,664.0,0.9353599267525156,3.0652641003186747,0.16058396393444888,0.49481360496698473,0.06186742252553743,0.0940117185138848,0.9335695122007291,-29.100701752171837
664,665.0,0.4425649687702937,8.949923297190763,0.4425649687702937,8.949923297190763,2.672375871614073,0.6178737586749847,2.3752443345514962e-08,-2.740595629318838
665,666.0,0.17913936959768362,2.0676167823490346,1.1102230246251565e-16,0.4505023999072556,0.3036462986344684,0.20827396059533435,0.7124121399409113,-17.96461326742708
666,667.0,0.4808707924889051,5.498519824049997,0.16058391168707536,0.49481365387321347,0.06186742252562656,0.09401171851395257,0.9335695091508927,-29.100701752161754
667,668.0,0.7411351165637526,8.08566199897705,0.16058402756348558,0.4948137896664881,0.06186742252580402,0.09401171851408738,0.9335695005829441,-29.100701752141674
668,669.0,0.9717489122172003,2.9600559892353044,0.16058392647667533,0.49481378542748256,0.06186742252585329,0.0940117185141248,0.9335695008876801,-29.100701752136096
669,670.0,0.23804401878845705,7.472558194215989,0.23804401878845705,7.472558194215989,2.672375940323036,0.6178737666180039,2.3540058791127194e-12,-2.7405954493431324
670,671.0,0.08001217268514904,1.4477811625760795,0.1605838730231071,0.4948134021596164,0.06186742252580185,0.09401171851408571,0.9335695249653762,-29.100701752141916
671,672.0,0.8317660655188148,7.667821047375827,0.16058390506881487,0.49481367096137296,0.06186742252565701,0.0940117185139757,0.9335695080808081,-29.100701752158308
672,673.0,0.584545052196448,2.596792153819058,0.16058391645122236,0.49481321923413984,0.061867422526321575,0.09401171851448063,0.9335695364306619,-29.10070175208311
673,674.0,0.9708446782394234,4.059495346119559,0.1605839942176739,0.49481357201757337,0.06186742252552246,0.09401171851387345,0.9335695142573324,-29.100701752173535
674,675.0,0.8155389204530612,3.743739024716631,0.0,0.3411799901714022,0.3036462986344684,0.20827396059533435,0.7124121399409113,-17.96461326742708
675,676.0,0.8288911063510362,2.325531424037178,0.0,0.4124050612688578,0.3036462986344684,0.20827396059533435,0.7124121399409113,-17.96461326742708
676,677.0,0.9353036832631609,9.321751919666049,0.16058398702488505,0.4948136302888806,0.06186742252554217,0.09401171851388844,0.9335695106024666,-29.100701752171304
677,678.0,0.7612869889814241,5.1971255956837465,0.16058395151129667,0.49481361270916796,0.061867422525549234,0.09401171851389381,0.9335695117195111,-29.100701752170508
678,679.0,0.8725564881157989,4.157182078287983,0.16058332066857203,0.49481167499423495,0.06186742254978921,0.09401171853231097,0.9335696335811716,-29.100701749427863
679,680.0,0.6596592423603889,5.078287053155616,0.1605838973295384,0.49481301826172447,0.06186742252744924,0.09401171851533739,0.9335695490524739,-29.100701751955526
680,681.0,0.33477371414432855,9.149889010262712,0.33477371414432855,9.149889010262712,2.6723759402238745,0.6178737666065403,4.1354697444262456e-11,-2.7405954496028757
681,682.0,0.8307972108208517,8.382665693121481,0.0,0.4706484460551098,0.3036462986344684,0.20827396059533435,0.7124121399409113,-17.96461326742708
682,683.0,0.5515902439892062,6.4328212924578,0.0,0.4049269936330958,0.3036462986344684,0.20827396059533435,0.7124121399409113,-17.96461326742708
683,684.0,0.9807380112248331,6.36773329854103,0.0,0.4042416172224028,0.3036462986344684,0.20827396059533435,0.7124121399409113,-17.96461326742708
684,685.0,0.27930953777856404,9.14478715964204,0.27930953777856404,9.14478715964204,2.6723759403274947,0.6178737666185192,3.3384406350478457e-13,-2.7405954493314537
685,686.0,0.3825078413206082,9.143819924847836,0.3825078413206082,9.143819924847836,2.6723759379941625,0.6178737663487771,8.695492104138225e-10,-2.7405954554433656
686,687.0,0.24884237361102557,8.589098095874062,0.24884237361102557,8.589098095874062,2.672375940328083,0.6178737666185872,8.704148513061227e-14,-2.7405954493299127
687,688.0,0.2546102169096792,7.538094112137868,0.2546102169096792,7.538094112137868,2.6723759403037977,0.6178737666157798,1.0761502799994105e-11,-2.740595449393526
688,689.0,0.9682899039296422,6.007343065767846,0.0,0.41258983410077504,0.3036462986344684,0.20827396059533435,0.7124121399409113,-17.96461326742708
689,690.0,0.30312636318843733,7.13019036703806,0.30312636318843733,7.13019036703806,2.6723759341530062,0.6178737659047246,2.548827149340127e-09,-2.7405954655048594
690,691.0,0.3334532756327321,7.238173206508387,0.3334532756327321,7.238173206508387,2.6723759110869034,0.6178737632381949,1.160232854235943e-08,-2.7405955259240233
691,692.0,0.21734185048520438,2.1891190949325168,0.16058380041505058,0.4948142765206927,0.06186742252905279,0.09401171851655574,0.9335694701094607,-29.100701751774096
692,693.0,0.7420636187089339,3.4009315055316502,0.0,0.37083389622627305,0.3036462986344684,0.20827396059533435,0.7124121399409113,-17.96461326742708
693,694.0,0.23784272993372302,9.117087974856119,0.23784272993372302,9.117087974856119,2.6723759403282736,0.6178737666186093,2.55351295663786e-15,-2.7405954493294136
694,695.0,0.9974579755422703,3.2227250563481054,0.16058391370678313,0.49481390733879316,0.06186742252629428,0.0940117185144599,0.9335694932402101,-29.100701752086202
695,696.0,0.040036908285314476,8.13834581908253,0.040036908285314476,8.13834581908253,2.672375940328279,0.6178737666186099,-2.220446049250313e-16,-2.7405954493294002
696,697.0,0.048547380134873586,3.2942944235684637,0.048547380134873586,3.2942944235684637,2.672375940328279,0.6178737666186099,-2.220446049250313e-16,-2.7405954493294002
697,698.0,0.9133351231406154,0.9865464127038359,0.0,0.42638298086535104,0.3036462986344684,0.20827396059533435,0.7124121399409113,-17.96461326742708
698,699.0,0.2401289645380521,1.663917669353924,0.0,0.3465621278827507,0.3036462986344684,0.20827396059533435,0.7124121399409113,-17.96461326742708
699,700.0,0.6543658993448269,5.028930390158796,0.16058421104460524,0.4948137318402451,0.061867422525995475,0.09401171851423283,0.9335695041420256,-29.100701752120017
700,701.0,0.7998820705900743,2.4661164678948575,0.0,0.46494184686343326,0.3036462986344684,0.20827396059533435,0.7124121399409113,-17.96461326742708
701,702.0,0.8918877506481432,8.674686586534813,0.0,0.3682772638100633,0.3036462986344684,0.20827396059533435,0.7124121399409113,-17.96461326742708
702,703.0,0.34120264214810636,2.2126937523862504,0.0,0.4124050612688578,0.3036462986344684,0.20827396059533435,0.7124121399409113,-17.96461326742708
703,704.0,0.8407564741667518,7.960277638721189,0.0,0.3743235809095882,0.3036462986344684,0.20827396059533435,0.7124121399409113,-17.96461326742708
704,705.0,0.11161796359027498,0.713542715044229,0.1605831293369716,0.49481374235292863,0.06186742253189872,0.09401171851871803,0.9335695038901693,-29.100701751452092
705,706.0,0.745082610302348,3.126970971993572,0.1605839142441911,0.49481390443761797,0.06186742252628116,0.09401171851444991,0.9335694934221119,-29.100701752087687
706,707.0,0.006736692199913019,5.685732831502752,0.006736692199913019,5.685732831502752,2.672375940328279,0.6178737666186099,-2.220446049250313e-16,-2.7405954493294002
707,708.0,0.8444220142418694,8.500447745226143,0.0,0.4723177376404085,0.3036462986344684,0.20827396059533435,0.7124121399409113,-17.96461326742708
708,709.0,0.5518616588429981,1.9411947168310169,0.0,0.3839664608598908,0.3036462986344684,0.20827396059533435,0.7124121399409113,-17.96461326742708
709,710.0,0.2889654981286943,4.78585176382901,0.16058399263750983,0.4948135785871372,0.06186742252552254,0.09401171851387354,0.9335695138455745,-29.10070175217352
710,711.0,0.21277731268326705,5.744905044720519,0.21277731268326705,5.744905044720519,2.6723759396642697,0.6178737665418478,3.076925381151341e-10,-2.7405954510687005
711,712.0,0.9491931747290757,9.129612037243602,0.0,0.48227236218819625,0.3036462986344684,0.20827396059533435,0.7124121399409113,-17.96461326742708
712,713.0,0.773233721588986,0.153356115295615,0.16058399816274727,0.49481357287765393,0.061867422525522436,0.09401171851387345,0.933569514201835,-29.100701752173535
713,714.0,0.20937737510019871,9.8447224281884,0.20937737510019871,9.8447224281884,2.672375940328279,0.6178737666186099,-2.220446049250313e-16,-2.7405954493294002
714,715.0,0.8788312667693748,6.638954337226482,0.16058389317209001,0.4948145725959451,0.06186742253189349,0.09401171851871408,0.9335694514891275,-29.100701751452682
715,716.0,0.04039205022684844,7.664739723999574,0.04039205022684844,7.664739723999574,2.672375940328279,0.6178737666186099,-2.220446049250313e-16,-2.7405954493294002
716,717.0,0.4760881672088013,3.2124918312406514,0.1605839914299484,0.49481357903798795,0.06186742252552264,0.09401171851387358,0.9335695138177378,-29.100701752173514
717,718.0,0.9429863434596228,3.8288180672418184,0.0,0.33492009802548617,0.3036462986344684,0.20827396059533435,0.7124121399409113,-17.96461326742708
718,719.0,0.680837904429781,4.400300129221674,0.16058400370397533,0.49481355785506476,0.06186742252552492,0.09401171851387534,0.9335695151426596,-29.10070175217325
719,720.0,0.55462290888409,9.219610871717421,0.5546699379311769,9.219607807502127,2.67237421707422,0.6178735674038155,5.225585145707257e-07,-2.7405999632086484
720,721.0,0.09206045366853832,1.9154240112927707,0.0,0.4725219831005409,0.3036462986344684,0.20827396059533435,0.7124121399409113,-17.96461326742708
721,722.0,0.5358388496664074,8.457271858505266,0.1605840616739154,0.4948135785393922,0.06186742252555604,0.09401171851389903,0.9335695138220891,-29.100701752169734
722,723.0,0.4167141083992302,8.864539116322943,0.4167141083992302,8.864539116322943,2.6723759132634584,0.6178737634898129,9.658321475924936e-09,-2.7405955202227723
723,724.0,0.9163156453867465,0.4203830440728528,0.0,0.476181948707883,0.3036462986344684,0.20827396059533435,0.7124121399409113,-17.96461326742708
724,725.0,0.5067685451612476,8.559571756161425,0.5068141975317908,8.559568736355049,2.672374422331052,0.6178735911322976,4.860703723963411e-07,-2.740599425560231
725,726.0,0.5280603474037096,4.619336716916234,0.1605845058657631,0.4948128607762469,0.06186742253124961,0.09401171851822483,0.9335695587013706,-29.100701751525534
726,727.0,0.06539344871291297,5.035796715697161,0.06539344871291297,5.035796715697161,2.672375940328279,0.6178737666186099,-2.220446049250313e-16,-2.7405954493294002
727,728.0,0.7788166354143713,3.7804463444151413,0.1605840361816018,0.4948133960181135,0.0618674225257445,0.09401171851404218,0.9335695252884368,-29.10070175214841
728,729.0,0.025452784475438972,2.4468544699465746,0.025452784475438972,2.4468544699465746,2.672375940328279,0.6178737666186099,-2.220446049250313e-16,-2.7405954493294002
729,730.0,0.9766871599398309,0.03693178335999385,0.1605840009117755,0.49481337459193486,0.06186742252577415,0.09401171851406469,0.9335695266468512,-29.10070175214505
730,731.0,0.18036933265729838,0.7344548080432558,0.16058348507667697,0.4948139773214045,0.061867422528887425,0.09401171851643005,0.9335694890091301,-29.100701751792798
731,732.0,0.285327828148795,4.292769538985663,0.0,0.41549274920962187,0.3036462986344684,0.20827396059533435,0.7124121399409113,-17.96461326742708
732,733.0,0.19025155179272868,7.888607620272741,0.19025155179272868,7.888607620272741,2.672375940328278,0.6178737666186098,3.3306690738754696e-16,-2.740595449329401
733,734.0,0.6628341037758652,2.9987773374308437,0.16058452353173078,0.4948143250782348,0.06186742253068154,0.09401171851779325,0.9335694667832272,-29.10070175158981
734,735.0,0.1885594603520493,6.295210358474307,0.1885594603520493,6.295210358474307,2.6723759403263383,0.6178737666183854,9.259260025373806e-13,-2.7405954493344824
735,736.0,0.41795736493838664,7.614547810095902,0.41797948058104883,7.614546433419344,2.6723753695129067,0.6178737006301654,2.0338040951362046e-07,-2.740596944518744
736,737.0,0.6918595137833699,6.72022432044907,0.0,0.41426478371625997,0.3036462986344684,0.20827396059533435,0.7124121399409113,-17.96461326742708
737,738.0,0.5594471360113554,2.570077264549127,0.1605839429796844,0.4948137797979939,0.06186742252581751,0.09401171851409762,0.9335695012347413,-29.100701752140147
738,739.0,0.4832082834019118,4.93450438738943,0.0,0.4911278114196029,0.3036462986344684,0.20827396059533435,0.7124121399409113,-17.96461326742708
739,740.0,0.20921581954078128,6.443306580901076,0.20921581954078128,6.443306580901076,2.6723759403122704,0.6178737666167592,7.450262629049575e-12,-2.740595449371332
740,741.0,0.3172663784376767,8.788079475165054,0.3172663784376767,8.788079475165054,2.6723759402449203,0.6178737666089734,3.3777980412708075e-11,-2.7405954495477483
741,742.0,0.007501771941046953,3.800198896990655,0.007501771941046953,3.800198896990655,2.672375940328279,0.6178737666186099,-2.220446049250313e-16,-2.7405954493294002
742,743.0,0.2778291293848224,5.349105229000642,0.27786239166665766,5.3491031861902645,2.6723753651005593,0.617873700120081,2.4536384890527785e-07,-2.7405969560764145
743,744.0,0.2805589995401404,2.8543583349840547,0.16058397458050563,0.49481375802198296,0.061867422525737,0.09401171851403643,0.9335695025895333,-29.100701752149256
744,745.0,0.17342105701987087,4.600050112186565,0.17342105701987087,4.600050112186565,2.672375937491702,0.6178737662906908,1.3770447004901598e-09,-2.7405954567595057
745,746.0,0.8798993512491542,5.756000667475323,0.0,0.396591113924431,0.3036462986344684,0.20827396059533435,0.7124121399409113,-17.96461326742708
746,747.0,0.3479732965208465,7.867128642757021,0.3479732965208465,7.867128642757021,2.6723759296729757,0.6178737653868162,4.149080523596638e-09,-2.7405954772398147
747,748.0,0.25339081706068656,4.711872061976127,0.16058361845769678,0.4948131324606965,0.06186742252765423,0.09401171851549317,0.9335695419904037,-29.100701751932334
748,749.0,0.6357721598014853,2.9525255615750106,0.16058392179600733,0.4948124005297057,0.06186742253399305,0.09401171852030928,0.9335695878156541,-29.100701751215126
749,750.0,0.18916945105660954,8.265031209998012,0.18916945105660954,8.265031209998012,2.672375940328279,0.6178737666186099,-2.220446049250313e-16,-2.7405954493294002
750,751.0,0.8676195276014761,3.012101190359795,0.16058389373866952,0.4948137396124581,0.06186742252579554,0.09401171851408094,0.9335695037759473,-29.100701752142633
751,752.0,0.29982643119494656,5.8449304353861855,0.29984619316479527,5.84492919193639,2.6723755821119224,0.6178737252074271,1.4848627227781463e-07,-2.7405963876385
752,753.0,0.9613942401379603,2.159724748590892,0.0,0.4124050612688578,0.3036462986344684,0.20827396059533435,0.7124121399409113,-17.96461326742708
753,754.0,0.5861024162567952,4.901252395711118,0.0,0.4907821253300804,0.3036462986344684,0.20827396059533435,0.7124121399409113,-17.96461326742708
754,755.0,0.6546824538504157,6.179785634108418,0.0,0.39674386531495553,0.3036462986344684,0.20827396059533435,0.7124121399409113,-17.96461326742708
755,756.0,0.6327142891259324,7.58531573747327,0.0,0.4780437938202652,0.3036462986344684,0.20827396059533435,0.7124121399409113,-17.96461326742708
756,757.0,0.9100446967830507,0.22260289825933482,0.16058397511652994,0.4948135961982563,0.0618674225255292,0.0940117185138786,0.9335695127468541,-29.100701752172768
757,758.0,0.7496077051914288,5.664301806502476,0.1605839697599851,0.4948135528051503,0.06186742252553052,0.09401171851387957,0.9335695154726344,-29.10070175217262
758,759.0,0.32258491505919085,4.179515998592774,0.16058379509805448,0.49481322273702993,0.06186742252652174,0.09401171851463269,0.9335695362570552,-29.100701752060466
759,760.0,0.5269880329944427,5.467193029561145,0.0,0.3821130813699213,0.3036462986344684,0.20827396059533435,0.7124121399409113,-17.96461326742708
760,761.0,0.5572963427516718,3.667103856667573,0.1605835145996471,0.4948134980344757,0.0618674225273653,0.09401171851527361,0.9335695190829364,-29.100701751965026
761,762.0,0.7589460303095451,1.4781969914871749,0.1605839978912537,0.49481356280597555,0.06186742252552347,0.09401171851387422,0.9335695148341249,-29.10070175217342
762,763.0,0.8238569719892246,2.1816281065587977,0.0,0.4124050612688578,0.3036462986344684,0.20827396059533435,0.7124121399409113,-17.96461326742708
763,764.0,0.6522483642957491,1.787966638698986,0.0,0.39635889804662,0.3036462986344684,0.20827396059533435,0.7124121399409113,-17.96461326742708
764,765.0,0.6391330690602656,4.526597798120577,0.0,0.34215144802017905,0.3036462986344684,0.20827396059533435,0.7124121399409113,-17.96461326742708
765,766.0,0.9276756212421736,4.892413625433016,0.0,0.47452671474847563,0.3036462986344684,0.20827396059533435,0.7124121399409113,-17.96461326742708
766,767.0,0.8283834837397991,1.6581073678959861,0.0,0.49911969400692835,0.3036462986344684,0.20827396059533435,0.7124121399409113,-17.96461326742708
767,768.0,0.5937288327882473,8.971410414047387,0.0,0.479625346634809,0.3036462986344684,0.20827396059533435,0.7124121399409113,-17.96461326742708
768,769.0,0.7721473863875054,0.8334002187866429,0.1605840445659182,0.4948136854661607,0.0618674225256081,0.0940117185139385,0.9335695071169927,-29.100701752163843
769,770.0,0.25368029147758664,9.877144859696159,0.25368029147758664,9.877144859696159,2.6723759403282763,0.6178737666186096,1.1102230246251565e-15,-2.7405954493294065
770,771.0,0.32070037136664453,2.2860810087281154,0.0,0.4124050612688578,0.3036462986344684,0.20827396059533435,0.7124121399409113,-17.96461326742708
771,772.0,0.054436976304685136,3.132401008392671,0.054436976304685136,3.132401008392671,2.672375940328279,0.6178737666186099,-2.220446049250313e-16,-2.7405954493294002
772,773.0,0.8770732202319533,8.683282244725664,0.0,0.3527549243283934,0.3036462986344684,0.20827396059533435,0.7124121399409113,-17.96461326742708
773,774.0,0.2971637060134885,4.690632142799022,0.1605839481917796,0.49481351577012955,0.061867422525559455,0.09401171851390157,0.9335695178055216,-29.10070175216935
774,775.0,0.4150887717681052,1.9235340732444395,0.0,0.4559871370441374,0.3036462986344684,0.20827396059533435,0.7124121399409113,-17.96461326742708
775,776.0,0.8446769255380783,5.415373311576507,0.0,0.38168284613182474,0.3036462986344684,0.20827396059533435,0.7124121399409113,-17.96461326742708
776,777.0,0.2066778771117287,8.306635239030404,0.2066778771117287,8.306635239030404,2.672375940328277,0.6178737666186097,6.661338147750939e-16,-2.740595449329404
777,778.0,0.2276424469176096,0.9769977172362108,0.16058351858557057,0.49481398585829994,0.0618674225286527,0.09401171851625173,0.9335694884607325,-29.100701751819358
778,779.0,0.22752848289883065,5.145659431809252,0.22752848289883065,5.145659431809252,2.672375899904493,0.6178737619454656,1.8391694167618766e-08,-2.7405955552151395
779,780.0,0.478824394229008,6.923268707675567,0.16058435590586564,0.49481372884753594,0.06186742252662503,0.09401171851471114,0.9335695042737012,-29.100701752048785
780,781.0,0.8118665447689584,0.38180455613149605,0.16058401331886982,0.4948136359971559,0.061867422525545654,0.09401171851389108,0.9335695102340927,-29.100701752170906
781,782.0,0.07227260246511558,6.838141471660167,0.07227260246511558,6.838141471660167,2.672375940328279,0.6178737666186099,-2.220446049250313e-16,-2.7405954493294002
782,783.0,0.9065915982652877,2.643288827679068,0.0,0.4124050612688578,0.3036462986344684,0.20827396059533435,0.7124121399409113,-17.96461326742708
783,784.0,0.1893103758456406,4.431185088913949,0.1893103758456406,4.431185088913949,2.6723758992815227,0.6178737618734477,1.9565262632248448e-08,-2.7405955568469427
784,785.0,0.6995653267467856,7.156801702590088,0.0,0.42823198739660223,0.3036462986344684,0.20827396059533435,0.7124121399409113,-17.96461326742708
785,786.0,0.15582410118479628,8.32697353679884,0.15582410118479628,8.32697353679884,2.672375940328279,0.6178737666186099,-2.220446049250313e-16,-2.7405954493294002
786,787.0,0.3196511210481302,7.902499042858811,0.3196511210481302,7.902499042858811,2.6723759387249224,0.6178737664332558,6.476887914885765e-10,-2.7405954535292194
787,788.0,0.8456994214677508,8.765228804595115,0.1605839607191541,0.4948135548971552,0.06186742252553433,0.09401171851388251,0.9335695153447807,-29.100701752172192
788,789.0,0.577409387004774,2.5056808091234073,1.1102230246251565e-16,0.36921049914142956,0.3036462986344684,0.20827396059533435,0.7124121399409113,-17.96461326742708
789,790.0,0.08301088265441314,6.208397823430631,0.08301088265441314,6.208397823430631,2.672375940328279,0.6178737666186099,-2.220446049250313e-16,-2.7405954493294002
790,791.0,0.3517268165998019,5.762701159684984,0.0,0.39492472306681037,0.3036462986344684,0.20827396059533435,0.7124121399409113,-17.96461326742708
791,792.0,0.8458451761166198,9.110735495434987,0.0,0.48198081461466863,0.3036462986344684,0.20827396059533435,0.7124121399409113,-17.96461326742708
792,793.0,0.34871955031795976,0.7342231566638027,0.16058391535503577,0.4948142934337888,0.06186742252883956,0.09401171851639371,0.9335694690041771,-29.100701751798212
793,794.0,0.8365551041280815,8.462371414278891,0.1605841304547758,0.4948132977985873,0.06186742252619402,0.09401171851438368,0.9335695314171725,-29.100701752097542
794,795.0,0.8328205224190598,7.199948690096999,0.0,0.4318722451643598,0.3036462986344684,0.20827396059533435,0.7124121399409113,-17.96461326742708
795,796.0,0.31584027831239003,3.4993560701017365,0.16058399624833072,0.4948135692485117,0.06186742252552264,0.09401171851387356,0.933569514430365,-29.100701752173514
796,797.0,0.5555408095927364,2.773214139825416,0.1605839427649241,0.4948138949754858,0.06186742252619885,0.09401171851438737,0.9335694940051713,-29.100701752096995
797,798.0,0.048139592120718055,2.699237941041121,0.048139592120718055,2.699237941041121,2.672375940328278,0.6178737666186097,6.661338147750939e-16,-2.740595449329401
798,799.0,0.060062460459924805,9.496020869827472,0.060062460459924805,9.496020869827472,2.672375940328279,0.6178737666186099,-2.220446049250313e-16,-2.7405954493294002
799,800.0,0.9303299974647365,3.6701945562559497,0.1605843663878266,0.49481375906913855,0.06186742252673169,0.09401171851479222,0.9335695023726526,-29.100701752036713
800,801.0,0.005030178176050559,2.7898272689867407,0.005030178176050559,2.7898272689867407,2.672375940328279,0.6178737666186099,-2.220446049250313e-16,-2.7405954493294002
801,802.0,0.4861080145009229,6.193792743893048,0.0,0.39728169020490595,0.3036462986344684,0.20827396059533435,0.7124121399409113,-17.96461326742708
802,803.0,0.9061080358618487,2.2105910066697336,0.0,0.4124050612688578,0.3036462986344684,0.20827396059533435,0.7124121399409113,-17.96461326742708
803,804.0,0.9947084660451111,7.480829959068851,0.0,0.44721931128632775,0.3036462986344684,0.20827396059533435,0.7124121399409113,-17.96461326742708
804,805.0,0.7425643769383177,0.47686910183957726,0.16058396933673688,0.49481351235177307,0.06186742252555085,0.09401171851389506,0.9335695180119985,-29.100701752170316
805,806.0,0.22347035023339124,0.2286132232518638,0.16058406427936225,0.4948135615365597,0.061867422525561586,0.09401171851390315,0.9335695148883317,-29.10070175216911
806,807.0,0.3156563377863153,2.7018588198004583,0.16058398707783703,0.49481354411065076,0.06186742252552887,0.09401171851387834,0.933569516011747,-29.100701752172803
807,808.0,0.8926190593705507,9.370615985898418,0.16058438091569305,0.49481328457855805,0.06186742252737866,0.09401171851528375,0.9335695321497824,-29.100701751963513
808,809.0,0.5893476544371573,2.0033627246011565,0.0,0.3958418370210835,0.3036462986344684,0.20827396059533435,0.7124121399409113,-17.96461326742708
809,810.0,0.5715252210281248,6.779030590261704,0.0,0.40198954037672546,0.3036462986344684,0.20827396059533435,0.7124121399409113,-17.96461326742708
810,811.0,0.2569990399604053,4.863093904504515,0.257061301267659,4.863089907701602,2.6723749021095955,0.6178736465965462,4.5493551814601574e-07,-2.7405981688315793
811,812.0,0.5853095263297218,1.6845778542976895,0.16058399183076524,0.49481356052233266,0.061867422525523866,0.09401171851387455,0.9335695149797877,-29.10070175217337
812,813.0,0.4444026757861774,0.08881459737684978,0.16058399804480764,0.4948135636914381,0.06186742252552331,0.09401171851387412,0.9335695147784867,-29.100701752173435
813,814.0,0.3430985441658436,5.149602698075646,0.1605839944522788,0.49481350488352593,0.06186742252555331,0.09401171851389688,0.9335695184711517,-29.10070175217004
814,815.0,0.1053513546101863,3.4158828452744814,0.1053513546101863,3.4158828452744814,2.6723759400617175,0.6178737665877945,1.383888559303159e-10,-2.7405954500276284
815,816.0,0.24443687347248744,8.555570361462717,0.24443687347248744,8.555570361462717,2.67237594032815,0.617873766618595,5.728750807065808e-14,-2.740595449329737
816,817.0,0.6971303612604959,7.724824526209798,0.16058380982732634,0.49481378511817403,0.061867422526124795,0.09401171851433107,0.9335695009514843,-29.10070175210538
817,818.0,0.5063425757267452,3.86891562593049,0.16058399953140928,0.4948135656300754,0.06186742252552312,0.09401171851387395,0.9335695146562315,-29.100701752173457
818,819.0,0.6786672083951549,6.187798598315347,0.0,0.397218897693639,0.3036462986344684,0.20827396059533435,0.7124121399409113,-17.96461326742708
819,820.0,0.33537038315286705,1.6030423842398456,0.16058399498296164,0.49481357545675386,0.061867422525522416,0.09401171851387337,0.9335695140411664,-29.100701752173535
820,821.0,0.21516634361246967,2.1654391854075796,0.16058410259691858,0.4948135785226068,0.06186742252561192,0.09401171851394144,0.9335695138074059,-29.10070175216341
821,822.0,0.12874650196036597,8.161848574038789,0.12874650196036597,8.161848574038789,2.672375940328279,0.6178737666186099,-2.220446049250313e-16,-2.7405954493294002
822,823.0,0.6743355574596941,8.188490063212974,0.1605831083826416,0.49481356998955084,0.06186742253181928,0.09401171851865765,0.9335695147171896,-29.10070175146108
823,824.0,0.7696475224174775,5.954866153639078,0.0,0.3904362516085008,0.3036462986344684,0.20827396059533435,0.7124121399409113,-17.96461326742708
824,825.0,0.44114841121152226,5.1883690625063545,0.16058399581232086,0.4948135352674987,0.06186742252553246,0.09401171851388107,0.9335695165634734,-29.100701752172398
825,826.0,0.5892000183909941,8.187188453128657,0.1605842795113075,0.4948136669001818,0.06186742252617874,0.09401171851437205,0.9335695081917226,-29.100701752099276
826,827.0,0.443054869580889,5.953802333349909,0.0,0.3868825379313081,0.3036462986344684,0.20827396059533435,0.7124121399409113,-17.96461326742708
827,828.0,0.9251634558061544,6.296980921890366,0.0,0.4026359284479432,0.3036462986344684,0.20827396059533435,0.7124121399409113,-17.96461326742708
828,829.0,0.19510774038222,8.392226859398383,0.19510774038222,8.392226859398383,2.672375940328279,0.6178737666186098,1.1102230246251565e-16,-2.7405954493294002
829,830.0,0.14049517590145477,7.215547626508948,0.14049517590145477,7.215547626508948,2.672375940328279,0.6178737666186099,-2.220446049250313e-16,-2.7405954493294002
830,831.0,0.4935221866938828,1.6902272278999877,0.16058093213405314,0.494818515428026,0.06186742277194362,0.09401171870110026,0.9335692049935234,-29.100701724292165
831,832.0,0.45252086786750634,2.10903794059839,0.16058398762196063,0.4948136245943649,0.06186742252553828,0.09401171851388544,0.9335695109596767,-29.100701752171744
832,833.0,0.6089937909106993,1.5737412745350607,0.16058351288990894,0.4948134134428795,0.06186742252744872,0.09401171851533696,0.9335695243933138,-29.100701751955583
833,834.0,0.8315614040920705,5.3067734990318405,0.16058444748534728,0.4948134744749195,0.0618674225272725,0.0940117185152031,0.9335695202044824,-29.10070175197552
834,835.0,0.4569017394991651,1.7246220703705781,0.1605839536434568,0.49481363281805785,0.061867422525560475,0.09401171851390233,0.9335695104564825,-29.10070175216923
835,836.0,0.19816536263175155,6.690013907573603,0.19816536263175155,6.690013907573603,2.672375940327224,0.6178737666184879,4.978240042419202e-13,-2.7405954493321625
836,837.0,0.7243205582391955,9.082471120324673,0.0,0.4814471874802403,0.3036462986344684,0.20827396059533435,0.7124121399409113,-17.96461326742708
837,838.0,0.10399401671934994,3.430480202712729,0.10399401671934994,3.430480202712729,2.6723759401572753,0.6178737665988413,8.887646174571273e-11,-2.7405954497773246
838,839.0,0.5646899872145027,9.837671248797328,0.5647113479053891,9.837669916529808,2.6723751853005693,0.6178736793345118,2.264167631160774e-07,-2.740597427043177
839,840.0,0.25048035801378665,9.455964955274386,0.25048035801378665,9.455964955274386,2.672375940328271,0.6178737666186089,3.219646771412954e-15,-2.74059544932942
840,841.0,0.038330055573801314,8.517511767349083,0.038330055573801314,8.517511767349083,2.672375940328279,0.6178737666186099,-2.220446049250313e-16,-2.7405954493294002
841,842.0,0.8899904491436692,7.749462168267928,0.1605839638016012,0.4948135492172212,0.06186742252553414,0.09401171851388232,0.9335695157001237,-29.100701752172206
842,843.0,0.7306944443274379,0.6037966557730853,0.16058370786617093,0.4948132072618768,0.06186742252688483,0.09401171851490855,0.9335695372614966,-29.100701752019383
843,844.0,0.7863751767400687,1.6613833223481687,0.0,0.4263705605294421,0.3036462986344684,0.20827396059533435,0.7124121399409113,-17.96461326742708
844,845.0,0.6579487856508965,7.301220750892195,0.0,0.437175797578456,0.3036462986344684,0.20827396059533435,0.7124121399409113,-17.96461326742708
845,846.0,0.21975268176195228,9.41424609021047,0.21975268176195228,9.41424609021047,2.672375940328279,0.6178737666186099,-2.220446049250313e-16,-2.7405954493294002
846,847.0,0.9220359467916066,6.133971100532577,0.0,0.39548226219505883,0.3036462986344684,0.20827396059533435,0.7124121399409113,-17.96461326742708
847,848.0,0.39938105904055976,5.527663109458234,0.0,0.47043812153053305,0.3036462986344684,0.20827396059533435,0.7124121399409113,-17.96461326742708
848,849.0,0.6463937727695419,3.413422257837462,0.16058397689060822,0.4948135471629532,0.0618674225255298,0.09401171851387902,0.9335695158240586,-29.100701752172697
849,850.0,0.03973831474252332,2.139327747272111,0.03973831474252332,2.139327747272111,2.672375940327562,0.617873766618527,3.858025010572419e-13,-2.740595449331277
850,851.0,0.6683267398310271,0.7709445897225421,0.16058399063549073,0.49481356981813907,0.06186742252552284,0.0940117185138737,0.93356951439676,-29.100701752173492
851,852.0,0.18847605071510232,1.8617255762086413,0.0,0.35457045051741537,0.3036462986344684,0.20827396059533435,0.7124121399409113,-17.96461326742708
852,853.0,0.2757977920391782,5.172815023079023,0.2758523261941765,5.172811514774244,2.67237497092973,0.6178736545524186,4.1457866539751365e-07,-2.7405979885646063
853,854.0,0.8676762253364575,7.027254263243812,0.0,0.4275864789844745,0.3036462986344684,0.20827396059533435,0.7124121399409113,-17.96461326742708
854,855.0,0.6743844028415172,7.142475449285828,0.0,0.4272138748298339,0.3036462986344684,0.20827396059533435,0.7124121399409113,-17.96461326742708
855,856.0,0.39208279822103254,5.112747176107845,0.1605845690225699,0.49481309575811977,0.06186742252993775,0.09401171851722813,0.9335695439276881,-29.100701751673967
856,857.0,0.9049654950217114,3.376883621938742,0.16058399775030474,0.49481359877029873,0.061867422525525566,0.09401171851387585,0.9335695125767444,-29.10070175217318
857,858.0,0.26542151275469017,6.985856165395117,0.26542151275469017,6.985856165395117,2.672375939760051,0.6178737665529205,2.463191872692505e-10,-2.7405954508178114
858,859.0,0.9679430866877267,8.408672346774058,0.1605839701088262,0.4948135857031528,0.061867422525528896,0.09401171851387834,0.9335695134075352,-29.100701752172803
859,860.0,0.019021218809181617,9.522756726077128,0.019021218809181617,9.522756726077128,2.672375940328279,0.6178737666186099,-2.220446049250313e-16,-2.7405954493294002
860,861.0,0.8441888334470816,4.184930329772492,0.0,0.3347731137428991,0.3036462986344684,0.20827396059533435,0.7124121399409113,-17.96461326742708
861,862.0,0.7052266499937478,1.6421090981974134,0.1605840895953161,0.49481392899403576,0.06186742252631889,0.09401171851447858,0.9335694918136156,-29.100701752083417
862,863.0,0.1285908683980267,5.470631296160247,0.1285908683980267,5.470631296160247,2.6723759403282767,0.6178737666186096,1.1102230246251565e-15,-2.7405954493294056
863,864.0,0.5582177359836117,4.408159663559043,0.0,0.4944140561325561,0.3036462986344684,0.20827396059533435,0.7124121399409113,-17.96461326742708
864,865.0,0.3342389988370058,8.408431944946038,0.3342389988370058,8.408431944946038,2.672375939405843,0.6178737665119727,3.656294156328954e-10,-2.7405954517456204
865,866.0,0.5636720282924319,8.908129285077827,0.16058359975528444,0.49481373840000353,0.06186742252703117,0.09401171851501976,0.9335695039633303,-29.100701752002827
866,867.0,0.6351335889247011,7.647613845787913,0.0,0.382555230144791,0.3036462986344684,0.20827396059533435,0.7124121399409113,-17.96461326742708
867,868.0,0.8980306092748516,7.523173393361072,0.0,0.44406730788486604,0.3036462986344684,0.20827396059533435,0.7124121399409113,-17.96461326742708
868,869.0,0.8489633087704248,6.816499571065716,0.0,0.38706333262920406,0.3036462986344684,0.20827396059533435,0.7124121399409113,-17.96461326742708
869,870.0,0.9128265056484535,0.9136608122600021,0.0017947356729106911,0.42373195692242915,0.3036462986344684,0.20827396059533435,0.7124121399409113,-17.96461326742708
870,871.0,0.42977534585847343,7.436520468547618,0.4298234851288465,7.436517315514209,2.672374590509044,0.6178736105743221,4.739413631549283e-07,-2.740598985035918
871,872.0,0.46998338387901883,7.429452984582329,0.0,0.44105758357532027,0.3036462986344684,0.20827396059533435,0.7124121399409113,-17.96461326742708
872,873.0,0.4617758624084106,9.188980369300523,0.4617758624084106,9.188980369300523,2.672375852541479,0.61787375647012,2.96468058991195e-08,-2.7405956792774395
873,874.0,0.7982753090528928,1.0410832421709793,0.16058376214814196,0.4948136531311881,0.06186742252602288,0.09401171851425366,0.9335695092543246,-29.100701752116912
874,875.0,0.16167354652036625,1.9341617311277832,0.1605839896692636,0.4948135587328549,0.061867422525524386,0.09401171851387495,0.9335695150929386,-29.100701752173315
875,876.0,0.7025435149358684,1.6928628857014303,0.16058399487385977,0.4948135673566689,0.06186742252552278,0.0940117185138737,0.9335695145496399,-29.100701752173492
876,877.0,0.6365537546705609,8.035038930585804,0.0,0.4585036159617513,0.3036462986344684,0.20827396059533435,0.7124121399409113,-17.96461326742708
877,878.0,0.8404789396240734,9.426190666616094,0.1605840504596251,0.4948140758711035,0.06186742252705619,0.0940117185150388,0.9335694826091563,-29.100701752
878,879.0,0.24320303758344242,0.8622945433623825,0.16058389217587635,0.4948134801536684,0.06186742252565251,0.09401171851397232,0.9335695200625076,-29.100701752158812
879,880.0,0.5247839899166113,8.622343240749581,0.5248482940338746,8.622338933084603,2.6723736651107526,0.6178735035947027,7.135581573392002e-07,-2.740601409018387
880,881.0,0.4396844174111386,1.180846404125726,0.16058399029678574,0.4948135697445335,0.06186742252552286,0.09401171851387376,0.9335695144015098,-29.100701752173492
881,882.0,0.37771081689717967,6.977231412082322,0.3777344424431561,6.977229902178999,2.672375390595149,0.6178737030673536,2.0604391626211083e-07,-2.7405968892960777
882,883.0,0.8012242906927637,9.305471917891456,0.1605837312742414,0.4948136677389455,0.061867422526169925,0.09401171851436538,0.9335695083490947,-29.100701752100278
883,884.0,0.4062288034194639,8.431216744460645,0.4062288034194639,8.431216744460645,2.6723758924729375,0.6178737610863493,1.730250054343685e-08,-2.740595574681296
884,885.0,0.7478314638492369,3.9389626541578835,0.16058398953872108,0.4948135707087829,0.0618674225255229,0.09401171851387378,0.9335695143412754,-29.100701752173485
885,886.0,0.06895289302761598,3.722498373212348,0.06895289302761598,3.722498373212348,2.672375940328279,0.6178737666186099,-2.220446049250313e-16,-2.7405954493294002
886,887.0,0.11938664975678881,7.377592029306337,0.11938664975678881,7.377592029306337,2.672375940328279,0.6178737666186099,-2.220446049250313e-16,-2.7405954493294002
887,888.0,0.8104178224177188,7.685380093480177,0.16058404056056358,0.49481338774656536,0.061867422525767754,0.09401171851405982,0.9335695258059438,-29.10070175214578
888,889.0,0.07218890486758944,5.911006481090315,0.07218890486758944,5.911006481090315,2.672375940328279,0.6178737666186099,-2.220446049250313e-16,-2.7405954493294002
889,890.0,0.9560520791323367,9.895113312035889,5.551115123125783e-17,0.3736008791144186,0.3036462986344684,0.20827396059533435,0.7124121399409113,-17.96461326742708
890,891.0,0.48674407353403804,5.253522629045773,0.1605839994527285,0.49481353031190234,0.0618674225255354,0.09401171851388328,0.9335695168731343,-29.100701752172064
891,892.0,0.2660016069819586,6.914065398566924,0.2660016069819586,6.914065398566924,2.672375939545745,0.6178737665281461,3.38963745960541e-10,-2.7405954513791633
892,893.0,0.15079392496415434,9.255231001239684,0.15079392496415434,9.255231001239684,2.672375940328279,0.6178737666186099,-2.220446049250313e-16,-2.7405954493294002
893,894.0,0.31338628499439813,9.961129781586756,0.31338628499439813,9.961129781586756,2.6723759403268295,0.6178737666184423,5.903055821931957e-13,-2.7405954493331963
894,895.0,0.3225647294953624,7.908115012465294,0.3225647294953624,7.908115012465294,2.6723759384060286,0.6178737663963904,7.735706519795826e-10,-2.7405954543645263
895,896.0,0.8856203310642646,0.3429890432322111,0.0,0.4260153852636933,0.3036462986344684,0.20827396059533435,0.7124121399409113,-17.96461326742708
896,897.0,0.22258624278515915,2.218419588290007,0.16058391225551816,0.49481357796662845,0.061867422525579426,0.09401171851391675,0.9335695139152542,-29.100701752167083
897,898.0,0.915740983964883,6.517024711328903,0.0,0.4116227246356233,0.3036462986344684,0.20827396059533435,0.7124121399409113,-17.96461326742708
898,899.0,0.552012520271864,6.536531037108758,0.0,0.41229267347241566,0.3036462986344684,0.20827396059533435,0.7124121399409113,-17.96461326742708
899,900.0,0.6832129946550988,8.102767937038701,0.16058383120671366,0.4948135921726541,0.061867422525746105,0.09401171851404339,0.9335695130544297,-29.100701752148225
900,901.0,0.9876844786044212,9.144433490178322,0.1605840295208924,0.4948135803683639,0.06186742252553098,0.09401171851387992,0.9335695137196311,-29.10070175217257
901,902.0,0.6786939805510244,9.565335830279086,0.16058400869620448,0.494813234004829,0.061867422526251825,0.0940117185144276,0.9335695354682071,-29.100701752091005
902,903.0,0.8944455969365634,6.510784193785888,0.0,0.4056651690807066,0.3036462986344684,0.20827396059533435,0.7124121399409113,-17.96461326742708
903,904.0,0.7389971044141325,6.299169677802442,0.0,0.4021481407177454,0.3036462986344684,0.20827396059533435,0.7124121399409113,-17.96461326742708
904,905.0,0.4809322939053241,0.4576283222874189,0.16058401843353742,0.4948136048426703,0.061867422525530534,0.09401171851387957,0.9335695121876626,-29.10070175217262
905,906.0,0.3769307779421103,3.628173726344692,0.0,0.34171465769536236,0.3036462986344684,0.20827396059533435,0.7124121399409113,-17.96461326742708
906,907.0,0.3524431609482712,4.352110906319476,0.16058402518796275,0.4948134585896075,0.06186742252561843,0.09401171851394635,0.9335695213651599,-29.10070175216267
907,908.0,0.07399558806800333,7.044272994698048,0.07399558806800333,7.044272994698048,2.672375940328279,0.6178737666186099,-2.220446049250313e-16,-2.7405954493294002
908,909.0,0.8804876308342029,2.017622043172831,0.0,0.4124050612688578,0.3036462986344684,0.20827396059533435,0.7124121399409113,-17.96461326742708
909,910.0,0.33503634988886144,5.575506287304491,0.16058417028284566,0.49481344505988617,0.061867422525899954,0.09401171851416026,0.9335695221585315,-29.100701752130817
910,911.0,0.6913275248971662,9.23461840328454,0.0,0.4955721768494957,0.3036462986344684,0.20827396059533435,0.7124121399409113,-17.96461326742708
911,912.0,0.8431480053257708,2.151300751563934,0.0,0.4124050612688578,0.3036462986344684,0.20827396059533435,0.7124121399409113,-17.96461326742708
912,913.0,0.6013127106015828,6.348325938323145,0.0,0.4033577887879313,0.3036462986344684,0.20827396059533435,0.7124121399409113,-17.96461326742708
913,914.0,0.7278671888947473,9.193571674627785,0.0,0.4295179359689098,0.3036462986344684,0.20827396059533435,0.7124121399409113,-17.96461326742708
914,915.0,0.32676741522771857,3.400712223297731,0.16058408338348937,0.4948137226490143,0.06186742252569877,0.09401171851400743,0.933569504768154,-29.100701752153583
915,916.0,0.9600490408899827,6.923220119044396,0.0,0.41058667527064213,0.3036462986344684,0.20827396059533435,0.7124121399409113,-17.96461326742708
916,917.0,0.5783496467112512,6.965580077358216,0.1605839700504901,0.4948134957357132,0.06186742252556475,0.09401171851390558,0.9335695190546907,-29.100701752168746
917,918.0,0.5509845249540337,0.2922970727392566,0.1605842955522967,0.49481337234243244,0.061867422526574976,0.09401171851467312,0.9335695266743136,-29.10070175205444
918,919.0,0.9476337157322262,8.370450351609836,0.0,0.47064211309181336,0.3036462986344684,0.20827396059533435,0.7124121399409113,-17.96461326742708
919,920.0,0.5355579457211421,1.6688043739084206,0.16058385191528127,0.4948136253697305,0.06186742252571437,0.09401171851401925,0.9335695109628038,-29.100701752151814
920,921.0,0.91349071008267,5.953309254271208,0.0,0.39334431626683736,0.3036462986344684,0.20827396059533435,0.7124121399409113,-17.96461326742708
921,922.0,0.36023826193973796,1.0898818675226691,0.1605839892548494,0.494813565860602,0.06186742252552336,0.09401171851387415,0.9335695146456982,-29.10070175217343
922,923.0,0.2945591946032411,5.419930018935583,0.2946181252414192,5.419926155359434,2.6723748108340035,0.6178736360447364,4.713938258626982e-07,-2.7405984079182266
923,924.0,0.35529402312006264,8.26951217702224,0.35529402312006264,8.26951217702224,2.672375935129004,0.6178737660175538,2.0055354044146156e-09,-2.7405954629483382
924,925.0,0.49976632368156826,5.312425340426244,0.16058399143105428,0.494813545686955,0.06186742252552793,0.09401171851387762,0.9335695159111372,-29.10070175217291
925,926.0,0.7372450780831118,3.1217778512809953,0.16058391407430675,0.49481390532290137,0.061867422526285146,0.09401171851445295,0.9335694933666074,-29.10070175208724
926,927.0,0.4840936184957372,0.34351965656517874,0.16058401528305918,0.4948135668037765,0.061867422525525885,0.09401171851387606,0.9335695145765226,-29.100701752173144
927,928.0,0.21823492562472024,7.937828171605386,0.21823492562472024,7.937828171605386,2.672375940328228,0.617873766618604,2.3092638912203256e-14,-2.7405954493295326
928,929.0,0.5324658102215095,4.146516493455809,0.0,0.33410632825556474,0.3036462986344684,0.20827396059533435,0.7124121399409113,-17.96461326742708
929,930.0,0.7767952000017915,4.326509950767915,0.16058455678270087,0.49481439413761646,0.06186742253155429,0.09401171851845636,0.9335694624353318,-29.10070175149106
930,931.0,0.47900456258721047,8.034903899421732,0.47906327118078357,8.034899991437008,2.6723740643640808,0.6178735497499331,6.205829784500239e-07,-2.7406003632166254
931,932.0,0.9557820238234569,1.646505861887094,0.16058409492727194,0.4948135755661135,0.061867422525599736,0.09401171851393218,0.9335695139959322,-29.10070175216478
932,933.0,0.04611448299677323,5.021409447565766,0.04611448299677323,5.021409447565766,2.672375940328279,0.6178737666186099,-2.220446049250313e-16,-2.7405954493294002
933,934.0,0.14437901764284877,2.947990158069119,0.1605839270617278,0.4948130512296753,0.06186742252721397,0.09401171851515865,0.9335695469718008,-29.100701751982143
934,935.0,0.8362351909543655,6.859516720927212,0.0,0.3803264726706725,0.3036462986344684,0.20827396059533435,0.7124121399409113,-17.96461326742708
935,936.0,0.9228000642457467,2.6133789188162715,0.0,0.4124050612688578,0.3036462986344684,0.20827396059533435,0.7124121399409113,-17.96461326742708
936,937.0,0.8284879553585333,2.441453232890589,0.0,0.4124050612688578,0.3036462986344684,0.20827396059533435,0.7124121399409113,-17.96461326742708
937,938.0,0.0026778493761029365,9.71836169849469,0.0026778493761029365,9.71836169849469,2.672375940328279,0.6178737666186099,-2.220446049250313e-16,-2.7405954493294002
938,939.0,0.4632443718454765,0.45889146707128453,0.16058399076397556,0.4948136700133235,0.0618674225255783,0.09401171851391589,0.9335695081075731,-29.100701752167218
939,940.0,0.3301390881465549,4.028446298860889,0.16058463979841647,0.49481431926799896,0.06186742253160257,0.09401171851849305,0.9335694671023649,-29.100701751485595
940,941.0,0.9452381333199049,7.9394121214187585,0.1605839900402582,0.494813548388812,0.061867422525527085,0.09401171851387696,0.9335695157420781,-29.10070175217301
941,942.0,0.6748270708904889,5.254562385955603,0.16058400109773985,0.49481351832289944,0.06186742252554333,0.09401171851388929,0.9335695176250359,-29.10070175217117
942,943.0,0.9815878047791906,1.5804019788600019,0.1605839092325425,0.4948136289115591,0.06186742252560694,0.09401171851393765,0.9335695107186487,-29.10070175216397
943,944.0,0.015779869752847397,4.092848810090467,0.015779869752847397,4.092848810090467,2.672375940328279,0.6178737666186099,-2.220446049250313e-16,-2.7405954493294002
944,945.0,0.07756558653954293,3.9683897369222625,0.07756558653954293,3.9683897369222625,2.672375940328279,0.6178737666186099,-2.220446049250313e-16,-2.7405954493294002
945,946.0,0.33898758163373455,2.8702999421860746,0.16058396886408968,0.49481372909977384,0.061867422525679575,0.09401171851399283,0.933569504407146,-29.100701752155757
946,947.0,0.21488361285967172,7.3092265422071465,0.21488361285967172,7.3092265422071465,2.672375940327707,0.6178737666185437,2.646771690706373e-13,-2.7405954493308977
947,948.0,0.9799234948015833,0.9337330031957156,0.16058398987825281,0.49481357483862337,0.061867422525522686,0.09401171851387363,0.9335695140819207,-29.100701752173507
948,949.0,0.9769461370678354,6.649535007394401,0.0,0.4399730687238828,0.3036462986344684,0.20827396059533435,0.7124121399409113,-17.96461326742708
949,950.0,0.09198964496114348,5.877800032862954,0.09198964496114348,5.877800032862954,2.672375940328279,0.6178737666186099,-2.220446049250313e-16,-2.7405954493294002
950,951.0,0.7802522828710508,1.8828575595577444,0.1605839722795721,0.4948135633366396,0.061867422525527606,0.09401171851387732,0.9335695148106226,-29.100701752172945
951,952.0,0.028770822611160485,8.33319943181319,0.028770822611160485,8.33319943181319,2.672375940328279,0.6178737666186099,-2.220446049250313e-16,-2.7405954493294002
952,953.0,0.6868909506962892,7.122292938067511,0.0,0.42600677671865816,0.3036462986344684,0.20827396059533435,0.7124121399409113,-17.96461326742708
953,954.0,0.4422490752205761,4.866131713269083,0.0,0.47205674609961595,0.3036462986344684,0.20827396059533435,0.7124121399409113,-17.96461326742708
954,955.0,0.3468279491070462,0.4450367862481465,0.16058385962546118,0.4948135186226477,0.06186742252568183,0.09401171851399456,0.9335695176602676,-29.100701752155494
955,956.0,0.9858273938322588,9.33777090821056,0.0,0.3503801884141124,0.3036462986344684,0.20827396059533435,0.7124121399409113,-17.96461326742708
956,957.0,0.26725131874117924,9.097723386177359,0.26725131874117924,9.097723386177359,2.672375940328033,0.6178737666185814,1.0647038806155251e-13,-2.740595449330044
957,958.0,0.7655416169049047,6.437984894696802,0.0,0.4051192153755635,0.3036462986344684,0.20827396059533435,0.7124121399409113,-17.96461326742708
958,959.0,0.21408062031259023,8.52350943848003,0.21408062031259023,8.52350943848003,2.672375940328277,0.6178737666186096,9.992007221626409e-16,-2.740595449329404
959,960.0,0.900689985958718,8.476876093125588,0.1605838761123241,0.494812795273398,0.06186742252928006,0.09401171851672843,0.9335695630568169,-29.100701751748375
960,961.0,0.36239078279644954,2.212201093214502,0.16058394295839845,0.4948136116506506,0.061867422525555875,0.09401171851389885,0.9335695117892218,-29.100701752169755
961,962.0,0.0325322234258133,9.426820041702355,0.0325322234258133,9.426820041702355,2.672375940328279,0.6178737666186099,-2.220446049250313e-16,-2.7405954493294002
962,963.0,0.035892855405030066,7.870278222288602,0.035892855405030066,7.870278222288602,2.672375940328279,0.6178737666186099,-2.220446049250313e-16,-2.7405954493294002
963,964.0,0.6393938511147692,9.855943387828429,0.1605847433441216,0.494813391274773,0.06186742253037569,0.09401171851756088,0.9335695253102754,-29.100701751624413
964,965.0,0.044265121493668236,9.872819396588921,0.044265121493668236,9.872819396588921,2.672375940328279,0.6178737666186099,-2.220446049250313e-16,-2.7405954493294002
965,966.0,0.8656170077031233,5.507723970027089,0.1605842315141364,0.49481340442913885,0.06186742252619957,0.09401171851438794,0.933569524685151,-29.100701752096917
966,967.0,0.37764020009277444,6.573325414124925,0.3777041933479475,6.573321150868485,2.67237434072242,0.6178735816980249,5.995667902158885e-07,-2.7405996393253487
967,968.0,0.6729328429354824,8.395094199518871,0.0,0.4707253480650059,0.3036462986344684,0.20827396059533435,0.7124121399409113,-17.96461326742708
968,969.0,0.025553459773683507,6.6850002245650515,0.025553459773683507,6.6850002245650515,2.672375940328279,0.6178737666186099,-2.220446049250313e-16,-2.7405954493294002
969,970.0,0.8584412007342941,0.6288317569072638,0.16058417070843153,0.49481356791909803,0.06186742252576699,0.09401171851405928,0.9335695144467155,-29.100701752145866
970,971.0,0.597502073704069,8.057478001224002,0.0,0.4001026828354427,0.3036462986344684,0.20827396059533435,0.7124121399409113,-17.96461326742708
971,972.0,0.05072695196357202,4.603581729408167,0.05072695196357202,4.603581729408167,2.672375940328279,0.6178737666186099,-2.220446049250313e-16,-2.7405954493294002
972,973.0,0.5396885599321632,3.2213845537973573,0.16058400608872067,0.4948135439206816,0.06186742252552979,0.09401171851387902,0.9335695160163875,-29.100701752172697
973,974.0,0.8422192704033454,7.057656566962331,0.0,0.42739233943180144,0.3036462986344684,0.20827396059533435,0.7124121399409113,-17.96461326742708
974,975.0,0.5505397601566272,6.665154786713102,0.0,0.45080058495123954,0.3036462986344684,0.20827396059533435,0.7124121399409113,-17.96461326742708
975,976.0,0.5169538555705395,8.588899544027553,0.517010077264224,8.588895858087417,2.672374002534591,0.6178735426022048,6.132230082611656e-07,-2.7406005251724084
976,977.0,0.649572306724721,8.00285147228893,0.0,0.45280104007510014,0.3036462986344684,0.20827396059533435,0.7124121399409113,-17.96461326742708
977,978.0,0.8743917801450811,6.939311954524569,0.16058392183038328,0.4948136864425098,0.06186742252565388,0.09401171851397332,0.9335695071026756,-29.100701752158663
978,979.0,0.18799825840019035,8.56595755395489,0.18799825840019035,8.56595755395489,2.672375940328279,0.6178737666186099,-2.220446049250313e-16,-2.7405954493294002
979,980.0,0.7819861272673277,8.592410662531119,0.0,0.47473649660811096,0.3036462986344684,0.20827396059533435,0.7124121399409113,-17.96461326742708
980,981.0,0.6984607678198717,8.896192978514714,0.1605839911709881,0.494813570174935,0.061867422525522735,0.09401171851387366,0.9335695143741594,-29.1007017521735
981,982.0,0.9624605139735734,0.41439997478851637,0.16058387167128305,0.4948132764810176,0.06186742252615072,0.09401171851435076,0.933569532854501,-29.100701752102445
982,983.0,0.7778701931328125,2.8328111680782797,0.1605836973482116,0.4948140459301728,0.06186742252779491,0.09401171851560003,0.933569484622815,-29.10070175191641
983,984.0,0.4242706712548666,4.11191314016258,0.16058399162150017,0.49481357152473504,0.06186742252552264,0.09401171851387358,0.9335695142892616,-29.100701752173514
984,985.0,0.974547402319184,1.2788977918626772,0.0,0.49438279653915185,0.3036462986344684,0.20827396059533435,0.7124121399409113,-17.96461326742708
985,986.0,0.862542457014157,4.253276576053112,0.0,0.432539455401703,0.3036462986344684,0.20827396059533435,0.7124121399409113,-17.96461326742708
986,987.0,0.13781498082026977,2.6759594793940695,0.0,0.4124050612688578,0.3036462986344684,0.20827396059533435,0.7124121399409113,-17.96461326742708
987,988.0,0.4595315756339833,4.695855003080489,0.1605838988655582,0.4948133333845491,0.061867422525930145,0.0940117185141832,0.9335695292724038,-29.1007017521274
988,989.0,0.2251408893231871,2.3837962168301656,0.16058405375986806,0.4948135766527934,0.061867422525548464,0.09401171851389326,0.9335695139435483,-29.100701752170586
989,990.0,0.7711456152154867,0.2274824821229603,0.16058395086246607,0.4948136052791195,0.061867422525546244,0.09401171851389155,0.933569512186135,-29.100701752170842
990,991.0,0.19921870134248543,9.948674888672299,0.19921870134248543,9.948674888672299,2.672375940328279,0.6178737666186099,-2.220446049250313e-16,-2.7405954493294002
991,992.0,0.2419494591384036,0.6623526562450994,0.16058400397968797,0.4948135793674396,0.061867422525522846,0.09401171851387377,0.9335695137922507,-29.100701752173492
992,993.0,0.16009035517730708,2.814902999377995,0.16058391544628955,0.49481392620546205,0.06186742252637286,0.09401171851451962,0.9335694920552869,-29.100701752077313
993,994.0,0.5540349348356621,9.129741663864491,0.554088847265467,9.129738111151106,2.672373945558393,0.617873536015536,6.052848134929789e-07,-2.7406006744155116
994,995.0,0.7852590330985647,4.143553050993775,0.16058399283444574,0.4948135662864336,0.06186742252552296,0.09401171851387384,0.9335695146175983,-29.100701752173478
995,996.0,0.7720277356496784,2.2998531094117225,0.0,0.4124050612688578,0.3036462986344684,0.20827396059533435,0.7124121399409113,-17.96461326742708
996,997.0,0.20197151471785246,8.069734867610459,0.20197151471785246,8.069734867610459,2.672375940328277,0.6178737666186096,1.2212453270876722e-15,-2.740595449329404
997,998.0,0.5635424051958671,3.7734576962102566,0.0,0.34117376563537033,0.3036462986344684,0.20827396059533435,0.7124121399409113,-17.96461326742708
998,999.0,0.26895039023007894,2.8691803238497164,0.1605839165587999,0.49481392694619397,0.061867422526374186,0.09401171851452057,0.9335694920083673,-29.100701752077164
999,1000.0,0.9442745703166169,7.330281460540114,0.0,0.43917627160154316,0.3036462986344684,0.20827396059533435,0.7124121399409113,-17.96461326742708
